2	430.81823
2.05961	424.11325
2.11922	417.42382
2.17884	410.76532
2.23845	404.15314
2.29806	397.60264
2.35767	391.12921
2.41728	384.74822
2.4769	378.47504
2.53651	372.32506
2.59612	366.31366
2.65573	360.4562
2.71534	354.76806
2.77495	349.26463
2.83457	343.96127
2.89418	338.87337
2.95379	334.0163
3.0134	329.40534
3.07301	325.04606
3.13263	320.92667
3.19224	317.03353
3.25185	313.35301
3.31146	309.87148
3.37107	306.57533
3.43069	303.45091
3.4903	300.48461
3.54991	297.66279
3.60952	294.97183
3.66913	292.3981
3.72875	289.92797
3.78836	287.54781
3.84797	285.244
3.90758	283.00291
3.96719	280.8109
4.02681	278.6548
4.08642	276.52887
4.14603	274.43357
4.20564	272.36955
4.26525	270.33747
4.32486	268.33798
4.38448	266.37173
4.44409	264.43936
4.5037	262.54154
4.56331	260.67892
4.62292	258.85214
4.68254	257.06186
4.74215	255.30872
4.80176	253.59339
4.86137	251.91652
4.92098	250.27875
4.9806	248.68073
5.04021	247.12291
5.09982	245.60438
5.15943	244.12371
5.21904	242.67946
5.27866	241.2702
5.33827	239.8945
5.39788	238.55092
5.45749	237.23805
5.5171	235.95444
5.57672	234.69865
5.63633	233.46927
5.69594	232.26486
5.75555	231.08398
5.81516	229.92521
5.87477	228.7871
5.93439	227.66824
5.994	226.56718
6.05361	225.48273
6.11322	224.41446
6.17283	223.36213
6.23245	222.32549
6.29206	221.30429
6.35167	220.2983
6.41128	219.30726
6.47089	218.33093
6.53051	217.36906
6.59012	216.42141
6.64973	215.48773
6.70934	214.56777
6.76895	213.66129
6.82857	212.76803
6.88818	211.88777
6.94779	211.02024
7.0074	210.16521
7.06701	209.32244
7.12663	208.49176
7.18624	207.67294
7.24585	206.86581
7.30546	206.07017
7.36507	205.28581
7.42468	204.51255
7.4843	203.75018
7.54391	202.99852
7.60352	202.25736
7.66313	201.5265
7.72274	200.80576
7.78236	200.09493
7.84197	199.39382
7.90158	198.70224
7.96119	198.01998
8.0208	197.34685
8.08042	196.68263
8.14003	196.02709
8.19964	195.37998
8.25925	194.74107
8.31886	194.11013
8.37848	193.48693
8.43809	192.87122
8.4977	192.26278
8.55731	191.66137
8.61692	191.06674
8.67654	190.47868
8.73615	189.89695
8.79576	189.3213
8.85537	188.7515
8.91498	188.18732
8.97459	187.62853
9.03421	187.07492
9.09382	186.52645
9.15343	185.98312
9.21304	185.44494
9.27265	184.9119
9.33227	184.38401
9.39188	183.86127
9.45149	183.34369
9.5111	182.83126
9.57071	182.324
9.63033	181.82189
9.68994	181.32495
9.74955	180.83317
9.80916	180.34656
9.86877	179.86512
9.92839	179.38886
9.988	178.91777
10.04761	178.45181
10.10722	177.99083
10.16683	177.53467
10.22645	177.08318
10.28606	176.63619
10.34567	176.19355
10.40528	175.75509
10.46489	175.32066
10.5245	174.8901
10.58412	174.46325
10.64373	174.03995
10.70334	173.62004
10.76295	173.20337
10.82256	172.78977
10.88218	172.37908
10.94179	171.97116
11.0014	171.56583
11.06101	171.16307
11.12062	170.76292
11.18024	170.36546
11.23985	169.97075
11.29946	169.57886
11.35907	169.18986
11.41868	168.8038
11.4783	168.42077
11.53791	168.04081
11.59752	167.66401
11.65713	167.29043
11.71674	166.92013
11.77636	166.55318
11.83597	166.18965
11.89558	165.8296
11.95519	165.4731
12.0148	165.1202
12.07441	164.77082
12.13403	164.42482
12.19364	164.08207
12.25325	163.74243
12.31286	163.40577
12.37247	163.07195
12.43209	162.74083
12.4917	162.41228
12.55131	162.08616
12.61092	161.76233
12.67053	161.44067
12.73015	161.12102
12.78976	160.80327
12.84937	160.48726
12.90898	160.17287
12.96859	159.85996
13.02821	159.54843
13.08782	159.23829
13.14743	158.92961
13.20704	158.62242
13.26665	158.31679
13.32627	158.01275
13.38588	157.71036
13.44549	157.40967
13.5051	157.11073
13.56471	156.81359
13.62432	156.51829
13.68394	156.2249
13.74355	155.93345
13.80316	155.64399
13.86277	155.35659
13.92238	155.07128
13.982	154.78811
14.04161	154.50711
14.10122	154.22821
14.16083	153.95137
14.22044	153.67653
14.28006	153.40365
14.33967	153.13268
14.39928	152.86356
14.45889	152.59624
14.5185	152.33067
14.57812	152.06681
14.63773	151.80459
14.69734	151.54397
14.75695	151.2849
14.81656	151.02733
14.87618	150.7712
14.93579	150.51646
14.9954	150.26307
15.05501	150.011
15.11462	149.76024
15.17423	149.51081
15.23385	149.26269
15.29346	149.01589
15.35307	148.77039
15.41268	148.52622
15.47229	148.28335
15.53191	148.04179
15.59152	147.80154
15.65113	147.56259
15.71074	147.32495
15.77035	147.08862
15.82997	146.85358
15.88958	146.61985
15.94919	146.38742
16.0088	146.15628
16.06841	145.92642
16.12803	145.6978
16.18764	145.47039
16.24725	145.24417
16.30686	145.01911
16.36647	144.79518
16.42609	144.57235
16.4857	144.3506
16.54531	144.12988
16.60492	143.91019
16.66453	143.69147
16.72414	143.47372
16.78376	143.2569
16.84337	143.04098
16.90298	142.82593
16.96259	142.61173
17.0222	142.39835
17.08182	142.18582
17.14143	141.97416
17.20104	141.76338
17.26065	141.55352
17.32026	141.34458
17.37988	141.1366
17.43949	140.92959
17.4991	140.72357
17.55871	140.51857
17.61832	140.3146
17.67794	140.1117
17.73755	139.90987
17.79716	139.70915
17.85677	139.50955
17.91638	139.31109
17.976	139.11379
18.03561	138.91765
18.09522	138.72262
18.15483	138.52866
18.21444	138.33575
18.27405	138.14382
18.33367	137.95286
18.39328	137.76282
18.45289	137.57365
18.5125	137.38533
18.57211	137.19781
18.63173	137.01106
18.69134	136.82503
18.75095	136.63968
18.81056	136.45499
18.87017	136.2709
18.92979	136.08739
18.9894	135.9044
19.04901	135.72196
19.10862	135.54008
19.16823	135.35878
19.22785	135.17809
19.28746	134.99804
19.34707	134.81866
19.40668	134.63995
19.46629	134.46196
19.52591	134.28471
19.58552	134.10821
19.64513	133.9325
19.70474	133.75761
19.76435	133.58354
19.82396	133.41034
19.88358	133.23803
19.94319	133.06662
20.0028	132.89614
20.06241	132.72656
20.12202	132.55785
20.18164	132.38996
20.24125	132.22286
20.30086	132.05651
20.36047	131.89087
20.42008	131.72592
20.4797	131.56161
20.53931	131.3979
20.59892	131.23475
20.65853	131.07214
20.71814	130.91002
20.77776	130.74836
20.83737	130.58712
20.89698	130.42626
20.95659	130.26574
21.0162	130.10555
21.07582	129.94572
21.13543	129.78625
21.19504	129.62719
21.25465	129.46855
21.31426	129.31035
21.37387	129.15263
21.43349	128.9954
21.4931	128.8387
21.55271	128.68254
21.61232	128.52695
21.67193	128.37196
21.73155	128.21759
21.79116	128.06386
21.85077	127.9108
21.91038	127.75843
21.96999	127.60678
22.02961	127.45585
22.08922	127.3056
22.14883	127.15603
22.20844	127.0071
22.26805	126.85879
22.32767	126.71109
22.38728	126.56396
22.44689	126.4174
22.5065	126.27136
22.56611	126.12584
22.62573	125.9808
22.68534	125.83623
22.74495	125.6921
22.80456	125.54839
22.86417	125.40508
22.92378	125.26215
22.9834	125.11957
23.04301	124.97736
23.10262	124.83553
23.16223	124.6941
23.22184	124.55308
23.28146	124.41251
23.34107	124.27238
23.40068	124.13273
23.46029	123.99357
23.5199	123.85491
23.57952	123.71678
23.63913	123.57919
23.69874	123.44216
23.75835	123.30571
23.81796	123.16985
23.87758	123.03461
23.93719	122.9
23.9968	122.76603
24.05641	122.63266
24.11602	122.49987
24.17564	122.36762
24.23525	122.2359
24.29486	122.10466
24.35447	121.97387
24.41408	121.84351
24.47369	121.71354
24.53331	121.58394
24.59292	121.45467
24.65253	121.3257
24.71214	121.197
24.77175	121.06855
24.83137	120.9403
24.89098	120.81224
24.95059	120.68432
25.0102	120.55655
25.06981	120.42894
25.12943	120.30152
25.18904	120.1743
25.24865	120.04732
25.30826	119.92058
25.36787	119.79412
25.42749	119.66796
25.4871	119.54211
25.54671	119.41661
25.60632	119.29147
25.66593	119.16671
25.72555	119.04237
25.78516	118.91845
25.84477	118.79498
25.90438	118.67199
25.96399	118.5495
26.0236	118.4275
26.08322	118.30598
26.14283	118.18493
26.20244	118.06434
26.26205	117.94419
26.32166	117.82447
26.38128	117.70517
26.44089	117.58627
26.5005	117.46777
26.56011	117.34965
26.61972	117.23189
26.67934	117.11449
26.73895	116.99744
26.79856	116.88071
26.85817	116.7643
26.91778	116.6482
26.9774	116.53239
27.03701	116.41687
27.09662	116.30164
27.15623	116.18669
27.21584	116.07203
27.27546	115.95766
27.33507	115.84357
27.39468	115.72976
27.45429	115.61623
27.5139	115.50298
27.57351	115.39
27.63313	115.2773
27.69274	115.16488
27.75235	115.05272
27.81196	114.94084
27.87157	114.82923
27.93119	114.71788
27.9908	114.6068
28.05041	114.49599
28.11002	114.38544
28.16963	114.27517
28.22925	114.16516
28.28886	114.05543
28.34847	113.94597
28.40808	113.83678
28.46769	113.72786
28.52731	113.61922
28.58692	113.51085
28.64653	113.40276
28.70614	113.29495
28.76575	113.18741
28.82537	113.08015
28.88498	112.97317
28.94459	112.86647
29.0042	112.76005
29.06381	112.6539
29.12342	112.548
29.18304	112.44235
29.24265	112.33694
29.30226	112.23176
29.36187	112.12681
29.42148	112.02206
29.4811	111.91752
29.54071	111.81317
29.60032	111.70901
29.65993	111.60502
29.71954	111.5012
29.77916	111.39754
29.83877	111.29402
29.89838	111.19064
29.95799	111.0874
30.0176	110.98429
30.07722	110.88134
30.13683	110.77856
30.19644	110.67599
30.25605	110.57365
30.31566	110.47155
30.37528	110.36971
30.43489	110.26817
30.4945	110.16694
30.55411	110.06604
30.61372	109.9655
30.67333	109.86533
30.73295	109.76556
30.79256	109.66622
30.85217	109.56732
30.91178	109.46888
30.97139	109.37092
31.03101	109.27343
31.09062	109.17637
31.15023	109.07973
31.20984	108.98348
31.26945	108.88759
31.32907	108.79205
31.38868	108.69683
31.44829	108.6019
31.5079	108.50725
31.56751	108.41284
31.62713	108.31865
31.68674	108.22467
31.74635	108.13086
31.80596	108.0372
31.86557	107.94367
31.92519	107.85024
31.9848	107.75691
32.04441	107.66368
32.10402	107.57057
32.16363	107.47759
32.22324	107.38474
32.28286	107.29204
32.34247	107.19949
32.40208	107.10712
32.46169	107.01493
32.5213	106.92293
32.58092	106.83114
32.64053	106.73955
32.70014	106.6482
32.75975	106.55707
32.81936	106.4662
32.87898	106.37558
32.93859	106.28523
32.9982	106.19515
33.05781	106.10533
33.11742	106.01576
33.17704	105.92642
33.23665	105.83732
33.29626	105.74844
33.35587	105.65976
33.41548	105.57129
33.4751	105.48301
33.53471	105.39491
33.59432	105.30699
33.65393	105.21922
33.71354	105.13161
33.77315	105.04415
33.83277	104.95681
33.89238	104.8696
33.95199	104.78251
34.0116	104.69554
34.07121	104.6087
34.13083	104.52199
34.19044	104.43543
34.25005	104.34902
34.30966	104.26278
34.36927	104.17671
34.42889	104.09082
34.4885	104.00511
34.54811	103.91961
34.60772	103.8343
34.66733	103.74921
34.72695	103.66435
34.78656	103.57971
34.84617	103.49531
34.90578	103.41116
34.96539	103.32726
35.02501	103.24359
35.08462	103.16013
35.14423	103.07688
35.20384	102.99381
35.26345	102.9109
35.32306	102.82814
35.38268	102.74551
35.44229	102.66299
35.5019	102.58057
35.56151	102.49822
35.62112	102.41594
35.68074	102.3337
35.74035	102.25149
35.79996	102.16929
35.85957	102.08708
35.91918	102.00484
35.9788	101.9226
36.03841	101.8404
36.09802	101.75831
36.15763	101.67637
36.21724	101.59463
36.27686	101.51317
36.33647	101.43202
36.39608	101.35124
36.45569	101.27089
36.5153	101.19102
36.57491	101.11168
36.63453	101.03294
36.69414	100.95484
36.75375	100.87744
36.81336	100.80079
36.87297	100.72495
36.93259	100.64996
36.9922	100.57578
37.05181	100.50232
37.11142	100.42951
37.17103	100.35724
37.23065	100.28545
37.29026	100.21404
37.34987	100.14294
37.40948	100.07205
37.46909	100.0013
37.52871	99.9306
37.58832	99.85987
37.64793	99.78902
37.70754	99.71797
37.76715	99.64663
37.82677	99.57492
37.88638	99.50276
37.94599	99.43009
38.0056	99.35694
38.06521	99.28338
38.12482	99.20944
38.18444	99.13518
38.24405	99.06065
38.30366	98.98589
38.36327	98.91097
38.42288	98.83593
38.4825	98.76081
38.54211	98.68568
38.60172	98.61058
38.66133	98.53556
38.72094	98.46067
38.78056	98.38597
38.84017	98.3115
38.89978	98.23731
38.95939	98.16343
39.019	98.08984
39.07862	98.01653
39.13823	97.94348
39.19784	97.87068
39.25745	97.79811
39.31706	97.72576
39.37668	97.65361
39.43629	97.58164
39.4959	97.50984
39.55551	97.4382
39.61512	97.3667
39.67473	97.29532
39.73435	97.22404
39.79396	97.15286
39.85357	97.08175
39.91318	97.01071
39.97279	96.93973
40.03241	96.86883
40.09202	96.79802
40.15163	96.7273
40.21124	96.6567
40.27085	96.58623
40.33047	96.51589
40.39008	96.4457
40.44969	96.37566
40.5093	96.3058
40.56891	96.23613
40.62853	96.16665
40.68814	96.09737
40.74775	96.02832
40.80736	95.9595
40.86697	95.89092
40.92659	95.82259
40.9862	95.7545
41.04581	95.68662
41.10542	95.61894
41.16503	95.55143
41.22464	95.48408
41.28426	95.41686
41.34387	95.34976
41.40348	95.28275
41.46309	95.21581
41.5227	95.14894
41.58232	95.08209
41.64193	95.01527
41.70154	94.94843
41.76115	94.88158
41.82076	94.81467
41.88038	94.74771
41.93999	94.68067
41.9996	94.61359
42.05921	94.54649
42.11882	94.47939
42.17844	94.41232
42.23805	94.34531
42.29766	94.27838
42.35727	94.21156
42.41688	94.14487
42.4765	94.07834
42.53611	94.01199
42.59572	93.94585
42.65533	93.87994
42.71494	93.8143
42.77455	93.74894
42.83417	93.68389
42.89378	93.61918
42.95339	93.5548
43.013	93.49073
43.07261	93.42694
43.13223	93.36341
43.19184	93.30012
43.25145	93.23703
43.31106	93.17413
43.37067	93.11138
43.43029	93.04877
43.4899	92.98627
43.54951	92.92386
43.60912	92.8615
43.66873	92.79918
43.72835	92.73687
43.78796	92.67455
43.84757	92.61219
43.90718	92.54976
43.96679	92.48728
44.02641	92.42476
44.08602	92.36222
44.14563	92.29968
44.20524	92.23714
44.26485	92.17464
44.32446	92.11218
44.38408	92.04977
44.44369	91.98745
44.5033	91.92522
44.56291	91.8631
44.62252	91.8011
44.68214	91.73925
44.74175	91.67756
44.80136	91.61604
44.86097	91.55471
44.92058	91.49359
44.9802	91.43267
45.03981	91.37193
45.09942	91.31138
45.15903	91.25099
45.21864	91.19077
45.27826	91.1307
45.33787	91.07076
45.39748	91.01097
45.45709	90.95129
45.5167	90.89174
45.57632	90.83228
45.63593	90.77293
45.69554	90.71366
45.75515	90.65447
45.81476	90.59535
45.87437	90.53629
45.93399	90.47728
45.9936	90.41834
46.05321	90.35946
46.11282	90.30065
46.17243	90.24191
46.23205	90.18326
46.29166	90.12468
46.35127	90.06619
46.41088	90.00779
46.47049	89.94948
46.53011	89.89128
46.58972	89.83317
46.64933	89.77518
46.70894	89.71729
46.76855	89.65952
46.82817	89.60187
46.88778	89.54435
46.94739	89.48694
47.007	89.42966
47.06661	89.37249
47.12623	89.31544
47.18584	89.2585
47.24545	89.20167
47.30506	89.14495
47.36467	89.08832
47.42428	89.0318
47.4839	88.97538
47.54351	88.91905
47.60312	88.86281
47.66273	88.80666
47.72234	88.7506
47.78196	88.69462
47.84157	88.63872
47.90118	88.58289
47.96079	88.52715
48.0204	88.47148
48.08002	88.41589
48.13963	88.36037
48.19924	88.30493
48.25885	88.24956
48.31846	88.19427
48.37808	88.13905
48.43769	88.0839
48.4973	88.02882
48.55691	87.97382
48.61652	87.91889
48.67614	87.86403
48.73575	87.80924
48.79536	87.75452
48.85497	87.69986
48.91458	87.64529
48.97419	87.59078
49.03381	87.53636
49.09342	87.48202
49.15303	87.42777
49.21264	87.37362
49.27225	87.31957
49.33187	87.26563
49.39148	87.2118
49.45109	87.15809
49.5107	87.10449
49.57031	87.05103
49.62993	86.99769
49.68954	86.9445
49.74915	86.89144
49.80876	86.83854
49.86837	86.78578
49.92799	86.73318
49.9876	86.68071
50.04721	86.62837
50.10682	86.57614
50.16643	86.52402
50.22605	86.472
50.28566	86.42006
50.34527	86.36819
50.40488	86.31639
50.46449	86.26464
50.5241	86.21292
50.58372	86.16124
50.64333	86.10958
50.70294	86.05792
50.76255	86.00626
50.82216	85.95459
50.88178	85.90289
50.94139	85.85118
51.001	85.79946
51.06061	85.74774
51.12022	85.69604
51.17984	85.64437
51.23945	85.59274
51.29906	85.54115
51.35867	85.48962
51.41828	85.43817
51.4779	85.3868
51.53751	85.33552
51.59712	85.28435
51.65673	85.2333
51.71634	85.18237
51.77596	85.13158
51.83557	85.08094
51.89518	85.03045
51.95479	84.98012
52.0144	84.92994
52.07401	84.87988
52.13363	84.82996
52.19324	84.78016
52.25285	84.73047
52.31246	84.68089
52.37207	84.6314
52.43169	84.58201
52.4913	84.5327
52.55091	84.48346
52.61052	84.43429
52.67013	84.38518
52.72975	84.33613
52.78936	84.28711
52.84897	84.23814
52.90858	84.1892
52.96819	84.1403
53.02781	84.09144
53.08742	84.04264
53.14703	83.99388
53.20664	83.94518
53.26625	83.89654
53.32587	83.84797
53.38548	83.79948
53.44509	83.75105
53.5047	83.70271
53.56431	83.65445
53.62392	83.60628
53.68354	83.5582
53.74315	83.51022
53.80276	83.46235
53.86237	83.41458
53.92198	83.36692
53.9816	83.31936
54.04121	83.27191
54.10082	83.22455
54.16043	83.17728
54.22004	83.13011
54.27966	83.08303
54.33927	83.03603
54.39888	82.98911
54.45849	82.94227
54.5181	82.89551
54.57772	82.84883
54.63733	82.80221
54.69694	82.75566
54.75655	82.70918
54.81616	82.66275
54.87578	82.61639
54.93539	82.57008
54.995	82.52382
55.05461	82.47762
55.11422	82.43146
55.17383	82.38535
55.23345	82.33929
55.29306	82.29327
55.35267	82.24729
55.41228	82.20135
55.47189	82.15545
55.53151	82.10958
55.59112	82.06374
55.65073	82.01793
55.71034	81.97216
55.76995	81.9264
55.82957	81.88067
55.88918	81.83497
55.94879	81.78929
56.0084	81.74365
56.06801	81.69805
56.12763	81.6525
56.18724	81.607
56.24685	81.56157
56.30646	81.5162
56.36607	81.4709
56.42569	81.42568
56.4853	81.38054
56.54491	81.3355
56.60452	81.29056
56.66413	81.24571
56.72374	81.20098
56.78336	81.15637
56.84297	81.11187
56.90258	81.0675
56.96219	81.02324
57.0218	80.97908
57.08142	80.93503
57.14103	80.89107
57.20064	80.84719
57.26025	80.8034
57.31986	80.75967
57.37948	80.716
57.43909	80.6724
57.4987	80.62884
57.55831	80.58532
57.61792	80.54184
57.67754	80.49838
57.73715	80.45494
57.79676	80.41152
57.85637	80.3681
57.91598	80.32469
57.9756	80.28129
58.03521	80.23791
58.09482	80.19455
58.15443	80.15121
58.21404	80.10791
58.27365	80.06464
58.33327	80.02141
58.39288	79.97822
58.45249	79.93509
58.5121	79.89201
58.57171	79.84899
58.63133	79.80603
58.69094	79.76314
58.75055	79.72033
58.81016	79.67759
58.86977	79.63494
58.92939	79.59236
58.989	79.54987
59.04861	79.50746
59.10822	79.46513
59.16783	79.42288
59.22745	79.38071
59.28706	79.33862
59.34667	79.29661
59.40628	79.25468
59.46589	79.21283
59.52551	79.17106
59.58512	79.12936
59.64473	79.08774
59.70434	79.0462
59.76395	79.00473
59.82356	78.96334
59.88318	78.92202
59.94279	78.88078
60.0024	78.8396
60.06201	78.79848
60.12162	78.75742
60.18124	78.71642
60.24085	78.67546
60.30046	78.63456
60.36007	78.59369
60.41968	78.55286
60.4793	78.51206
60.53891	78.47129
60.59852	78.43055
60.65813	78.38983
60.71774	78.34913
60.77736	78.30843
60.83697	78.26775
60.89658	78.22708
60.95619	78.18642
61.0158	78.14578
61.07542	78.10517
61.13503	78.06459
61.19464	78.02404
61.25425	77.98353
61.31386	77.94306
61.37347	77.90265
61.43309	77.86229
61.4927	77.82199
61.55231	77.78175
61.61192	77.74158
61.67153	77.70149
61.73115	77.66147
61.79076	77.62154
61.85037	77.5817
61.90998	77.54194
61.96959	77.50227
62.02921	77.46267
62.08882	77.42315
62.14843	77.3837
62.20804	77.34432
62.26765	77.30499
62.32727	77.26573
62.38688	77.22651
62.44649	77.18735
62.5061	77.14824
62.56571	77.10916
62.62533	77.07013
62.68494	77.03113
62.74455	76.99215
62.80416	76.95321
62.86377	76.91429
62.92338	76.8754
62.983	76.83655
63.04261	76.79774
63.10222	76.75898
63.16183	76.72028
63.22144	76.68165
63.28106	76.64308
63.34067	76.6046
63.40028	76.5662
63.45989	76.52788
63.5195	76.48967
63.57912	76.45156
63.63873	76.41356
63.69834	76.37568
63.75795	76.33793
63.81756	76.3003
63.87718	76.26281
63.93679	76.22543
63.9964	76.18816
64.05601	76.15099
64.11562	76.1139
64.17524	76.07689
64.23485	76.03995
64.29446	76.00306
64.35407	75.96621
64.41368	75.9294
64.47329	75.89261
64.53291	75.85583
64.59252	75.81905
64.65213	75.78226
64.71174	75.74545
64.77135	75.70861
64.83097	75.67173
64.89058	75.6348
64.95019	75.59784
65.0098	75.56085
65.06941	75.52383
65.12903	75.48678
65.18864	75.44972
65.24825	75.41265
65.30786	75.37556
65.36747	75.33847
65.42709	75.30139
65.4867	75.26431
65.54631	75.22723
65.60592	75.19018
65.66553	75.15314
65.72515	75.11613
65.78476	75.07915
65.84437	75.0422
65.90398	75.00529
65.96359	74.96842
66.0232	74.93159
66.08282	74.89481
66.14243	74.85809
66.20204	74.82142
66.26165	74.78481
66.32126	74.74826
66.38088	74.71178
66.44049	74.67537
66.5001	74.63904
66.55971	74.60278
66.61932	74.56661
66.67894	74.53052
66.73855	74.49452
66.79816	74.45861
66.85777	74.42279
66.91738	74.38707
66.977	74.35144
67.03661	74.3159
67.09622	74.28044
67.15583	74.24507
67.21544	74.20979
67.27506	74.17458
67.33467	74.13946
67.39428	74.10441
67.45389	74.06944
67.5135	74.03454
67.57311	73.99972
67.63273	73.96497
67.69234	73.93028
67.75195	73.89566
67.81156	73.86111
67.87117	73.82662
67.93079	73.79219
67.9904	73.7578
68.05001	73.72347
68.10962	73.68917
68.16923	73.65491
68.22885	73.62067
68.28846	73.58646
68.34807	73.55227
68.40768	73.5181
68.46729	73.48393
68.52691	73.44976
68.58652	73.41559
68.64613	73.38142
68.70574	73.34723
68.76535	73.31302
68.82496	73.27879
68.88458	73.24454
68.94419	73.21028
69.0038	73.17602
69.06341	73.14175
69.12302	73.10749
69.18264	73.07325
69.24225	73.03903
69.30186	73.00484
69.36147	72.97068
69.42108	72.93656
69.4807	72.90249
69.54031	72.86847
69.59992	72.83452
69.65953	72.80063
69.71914	72.76682
69.77876	72.73309
69.83837	72.69944
69.89798	72.66587
69.95759	72.63239
70.0172	72.59898
70.07682	72.56563
70.13643	72.53235
70.19604	72.49913
70.25565	72.46597
70.31526	72.43286
70.37487	72.39979
70.43449	72.36677
70.4941	72.33379
70.55371	72.30084
70.61332	72.26792
70.67293	72.23502
70.73255	72.20215
70.79216	72.16929
70.85177	72.13644
70.91138	72.10361
70.97099	72.07079
71.03061	72.03799
71.09022	72.0052
71.14983	71.97243
71.20944	71.93967
71.26905	71.90693
71.32867	71.8742
71.38828	71.84149
71.44789	71.80879
71.5075	71.77611
71.56711	71.74344
71.62673	71.7108
71.68634	71.67817
71.74595	71.64555
71.80556	71.61296
71.86517	71.58038
71.92478	71.54783
71.9844	71.51532
72.04401	71.48284
72.10362	71.45041
72.16323	71.41803
72.22284	71.38571
72.28246	71.35345
72.34207	71.32126
72.40168	71.28915
72.46129	71.25712
72.5209	71.22517
72.58052	71.19332
72.64013	71.16157
72.69974	71.12993
72.75935	71.0984
72.81896	71.06698
72.87858	71.03568
72.93819	71.00447
72.9978	70.97336
73.05741	70.94234
73.11702	70.91139
73.17664	70.88051
73.23625	70.84969
73.29586	70.81892
73.35547	70.7882
73.41508	70.75751
73.47469	70.72685
73.53431	70.6962
73.59392	70.66557
73.65353	70.63494
73.71314	70.6043
73.77275	70.57365
73.83237	70.54298
73.89198	70.51229
73.95159	70.48159
74.0112	70.45087
74.07081	70.42014
74.13043	70.38941
74.19004	70.35868
74.24965	70.32795
74.30926	70.29723
74.36887	70.26651
74.42849	70.23581
74.4881	70.20511
74.54771	70.17444
74.60732	70.14379
74.66693	70.11316
74.72655	70.08256
74.78616	70.05199
74.84577	70.02145
74.90538	69.99094
74.96499	69.96047
75.0246	69.93002
75.08422	69.8996
75.14383	69.86921
75.20344	69.83885
75.26305	69.80851
75.32266	69.77819
75.38228	69.7479
75.44189	69.71764
75.5015	69.68739
75.56111	69.65717
75.62072	69.62696
75.68034	69.59678
75.73995	69.56661
75.79956	69.53647
75.85917	69.50633
75.91878	69.47622
75.9784	69.44613
76.03801	69.41605
76.09762	69.38599
76.15723	69.35595
76.21684	69.32593
76.27646	69.29593
76.33607	69.26595
76.39568	69.23599
76.45529	69.20605
76.5149	69.17613
76.57451	69.14624
76.63413	69.11636
76.69374	69.08651
76.75335	69.05667
76.81296	69.02686
76.87257	68.99708
76.93219	68.96733
76.9918	68.9376
77.05141	68.90791
77.11102	68.87826
77.17063	68.84865
77.23025	68.81908
77.28986	68.78955
77.34947	68.76008
77.40908	68.73065
77.46869	68.70128
77.52831	68.67197
77.58792	68.64271
77.64753	68.61352
77.70714	68.5844
77.76675	68.55534
77.82637	68.52635
77.88598	68.49743
77.94559	68.46858
78.0052	68.43979
78.06481	68.41107
78.12442	68.3824
78.18404	68.35379
78.24365	68.32524
78.30326	68.29674
78.36287	68.26829
78.42248	68.2399
78.4821	68.21155
78.54171	68.18324
78.60132	68.15499
78.66093	68.12677
78.72054	68.0986
78.78016	68.07046
78.83977	68.04236
78.89938	68.01429
78.95899	67.98625
79.0186	67.95825
79.07822	67.93027
79.13783	67.90231
79.19744	67.87438
79.25705	67.84648
79.31666	67.81859
79.37628	67.79071
79.43589	67.76285
79.4955	67.73501
79.55511	67.70717
79.61472	67.67934
79.67433	67.65152
79.73395	67.6237
79.79356	67.59589
79.85317	67.56808
79.91278	67.54027
79.97239	67.51247
80.03201	67.48468
80.09162	67.4569
80.15123	67.42914
80.21084	67.40139
80.27045	67.37366
80.33007	67.34595
80.38968	67.31826
80.44929	67.29059
80.5089	67.26295
80.56851	67.23534
80.62813	67.20776
80.68774	67.1802
80.74735	67.15269
80.80696	67.1252
80.86657	67.09776
80.92619	67.07034
80.9858	67.04297
81.04541	67.01563
81.10502	66.98832
81.16463	66.96105
81.22424	66.93382
81.28386	66.90662
81.34347	66.87946
81.40308	66.85234
81.46269	66.82525
81.5223	66.7982
81.58192	66.77118
81.64153	66.7442
81.70114	66.71726
81.76075	66.69035
81.82036	66.66348
81.87998	66.63664
81.93959	66.60984
81.9992	66.58306
82.05881	66.55631
82.11842	66.5296
82.17804	66.5029
82.23765	66.47623
82.29726	66.44958
82.35687	66.42296
82.41648	66.39635
82.4761	66.36976
82.53571	66.34318
82.59532	66.31662
82.65493	66.29007
82.71454	66.26352
82.77415	66.23699
82.83377	66.21047
82.89338	66.18396
82.95299	66.15746
83.0126	66.13098
83.07221	66.10453
83.13183	66.07809
83.19144	66.05168
83.25105	66.02529
83.31066	65.99894
83.37027	65.97262
83.42989	65.94633
83.4895	65.92008
83.54911	65.89387
83.60872	65.8677
83.66833	65.84158
83.72795	65.8155
83.78756	65.78947
83.84717	65.76349
83.90678	65.73756
83.96639	65.71167
84.02601	65.68583
84.08562	65.66004
84.14523	65.63428
84.20484	65.60857
84.26445	65.58289
84.32406	65.55726
84.38368	65.53166
84.44329	65.5061
84.5029	65.48058
84.56251	65.45509
84.62212	65.42963
84.68174	65.40421
84.74135	65.37881
84.80096	65.35345
84.86057	65.32811
84.92018	65.30279
84.9798	65.27749
85.03941	65.2522
85.09902	65.22691
85.15863	65.20164
85.21824	65.17636
85.27786	65.15109
85.33747	65.1258
85.39708	65.1005
85.45669	65.07519
85.5163	65.04986
85.57592	65.02451
85.63553	64.99913
85.69514	64.97372
85.75475	64.94828
85.81436	64.92281
85.87397	64.89731
85.93359	64.87181
85.9932	64.8463
86.05281	64.82081
86.11242	64.79534
86.17203	64.7699
86.23165	64.7445
86.29126	64.71915
86.35087	64.69386
86.41048	64.66864
86.47009	64.64351
86.52971	64.61847
86.58932	64.59353
86.64893	64.5687
86.70854	64.54399
86.76815	64.51942
86.82777	64.49497
86.88738	64.47062
86.94699	64.44636
87.0066	64.42218
87.06621	64.39807
87.12583	64.37399
87.18544	64.34996
87.24505	64.32594
87.30466	64.30192
87.36427	64.27789
87.42388	64.25383
87.4835	64.22973
87.54311	64.20557
87.60272	64.18134
87.66233	64.15702
87.72194	64.1326
87.78156	64.10807
87.84117	64.08344
87.90078	64.05873
87.96039	64.03395
88.02	64.00912
88.07962	63.98425
88.13923	63.95935
88.19884	63.93444
88.25845	63.90954
88.31806	63.88466
88.37768	63.85982
88.43729	63.83503
88.4969	63.81031
88.55651	63.78566
88.61612	63.76111
88.67574	63.73668
88.73535	63.71236
88.79496	63.68818
88.85457	63.66411
88.91418	63.64015
88.97379	63.61627
89.03341	63.59248
89.09302	63.56875
89.15263	63.54508
89.21224	63.52145
89.27185	63.49785
89.33147	63.47427
89.39108	63.45069
89.45069	63.42711
89.5103	63.40351
89.56991	63.37987
89.62953	63.3562
89.68914	63.33246
89.74875	63.30866
89.80836	63.28479
89.86797	63.26087
89.92759	63.2369
89.9872	63.21289
90.04681	63.18884
90.10642	63.16478
90.16603	63.1407
90.22565	63.11662
90.28526	63.09255
90.34487	63.06849
90.40448	63.04445
90.46409	63.02045
90.5237	62.99649
90.58332	62.97258
90.64293	62.94873
90.70254	62.92494
90.76215	62.90124
90.82176	62.87761
90.88138	62.85405
90.94099	62.83057
91.0006	62.80716
91.06021	62.78383
91.11982	62.76056
91.17944	62.73737
91.23905	62.71424
91.29866	62.69118
91.35827	62.66819
91.41788	62.64526
91.4775	62.6224
91.53711	62.5996
91.59672	62.57686
91.65633	62.55419
91.71594	62.53157
91.77556	62.50901
91.83517	62.4865
91.89478	62.46403
91.95439	62.4416
92.014	62.41919
92.07361	62.39681
92.13323	62.37444
92.19284	62.35207
92.25245	62.3297
92.31206	62.30732
92.37167	62.28492
92.43129	62.2625
92.4909	62.24005
92.55051	62.21756
92.61012	62.19502
92.66973	62.17243
92.72935	62.14978
92.78896	62.12706
92.84857	62.1043
92.90818	62.08149
92.96779	62.05865
93.02741	62.03578
93.08702	62.0129
93.14663	61.99
93.20624	61.96711
93.26585	61.94422
93.32547	61.92135
93.38508	61.8985
93.44469	61.87569
93.5043	61.85292
93.56391	61.8302
93.62352	61.80754
93.68314	61.78495
93.74275	61.76243
93.80236	61.73999
93.86197	61.71762
93.92158	61.69531
93.9812	61.67307
94.04081	61.65089
94.10042	61.62876
94.16003	61.60669
94.21964	61.58466
94.27926	61.56268
94.33887	61.54074
94.39848	61.51884
94.45809	61.49697
94.5177	61.47513
94.57732	61.45331
94.63693	61.43152
94.69654	61.40974
94.75615	61.38798
94.81576	61.36623
94.87538	61.34449
94.93499	61.32276
94.9946	61.30103
95.05421	61.27931
95.11382	61.25758
95.17343	61.23586
95.23305	61.21412
95.29266	61.19239
95.35227	61.17064
95.41188	61.14888
95.47149	61.1271
95.53111	61.10531
95.59072	61.0835
95.65033	61.06167
95.70994	61.03982
95.76955	61.01794
95.82917	60.99605
95.88878	60.97415
95.94839	60.95224
96.008	60.93034
96.06761	60.90845
96.12723	60.88657
96.18684	60.86472
96.24645	60.84289
96.30606	60.82111
96.36567	60.79936
96.42529	60.77766
96.4849	60.75602
96.54451	60.73444
96.60412	60.71292
96.66373	60.69149
96.72334	60.67013
96.78296	60.64885
96.84257	60.62764
96.90218	60.6065
96.96179	60.58542
97.0214	60.56438
97.08102	60.54339
97.14063	60.52244
97.20024	60.50152
97.25985	60.48062
97.31946	60.45974
97.37908	60.43886
97.43869	60.41799
97.4983	60.39711
97.55791	60.37622
97.61752	60.35531
97.67714	60.33438
97.73675	60.31341
97.79636	60.29241
97.85597	60.27139
97.91558	60.25034
97.9752	60.22928
98.03481	60.2082
98.09442	60.18711
98.15403	60.166
98.21364	60.1449
98.27325	60.1238
98.33287	60.10269
98.39248	60.0816
98.45209	60.06052
98.5117	60.03945
98.57131	60.0184
98.63093	59.99737
98.69054	59.97637
98.75015	59.95539
98.80976	59.93445
98.86937	59.91354
98.92899	59.89267
98.9886	59.87184
99.04821	59.85104
99.10782	59.83029
99.16743	59.80958
99.22705	59.78892
99.28666	59.76831
99.34627	59.74774
99.40588	59.72723
99.46549	59.70677
99.52511	59.68637
99.58472	59.66603
99.64433	59.64575
99.70394	59.62553
99.76355	59.60537
99.82316	59.58527
99.88278	59.56521
99.94239	59.5452
100.002	59.52522
100.06161	59.50527
100.12122	59.48533
100.18084	59.46542
100.24045	59.44551
100.30006	59.4256
100.35967	59.40569
100.41928	59.38577
100.4789	59.36583
100.53851	59.34587
100.59812	59.32587
100.65773	59.30584
100.71734	59.28576
100.77696	59.26564
100.83657	59.24548
100.89618	59.22528
100.95579	59.20505
101.0154	59.1848
101.07502	59.16451
101.13463	59.14421
101.19424	59.12389
101.25385	59.10355
101.31346	59.0832
101.37307	59.06285
101.43269	59.04249
101.4923	59.02213
101.55191	59.00177
101.61152	58.98142
101.67113	58.96108
101.73075	58.94075
101.79036	58.92045
101.84997	58.90016
101.90958	58.8799
101.96919	58.85967
102.02881	58.83947
102.08842	58.81932
102.14803	58.7992
102.20764	58.77913
102.26725	58.75911
102.32687	58.73915
102.38648	58.71925
102.44609	58.6994
102.5057	58.67963
102.56531	58.65992
102.62492	58.64029
102.68454	58.62074
102.74415	58.60127
102.80376	58.58187
102.86337	58.56253
102.92298	58.54325
102.9826	58.52402
103.04221	58.50483
103.10182	58.48568
103.16143	58.46655
103.22104	58.44744
103.28066	58.42835
103.34027	58.40926
103.39988	58.39017
103.45949	58.37107
103.5191	58.35195
103.57872	58.33281
103.63833	58.31364
103.69794	58.29443
103.75755	58.27518
103.81716	58.2559
103.87678	58.23659
103.93639	58.21726
103.996	58.19793
104.05561	58.17858
104.11522	58.15924
104.17483	58.1399
104.23445	58.12058
104.29406	58.10127
104.35367	58.08199
104.41328	58.06275
104.47289	58.04354
104.53251	58.02438
104.59212	58.00527
104.65173	57.98622
104.71134	57.96724
104.77095	57.94831
104.83057	57.92943
104.89018	57.91058
104.94979	57.89177
105.0094	57.87298
105.06901	57.8542
105.12863	57.83542
105.18824	57.81664
105.24785	57.79783
105.30746	57.77901
105.36707	57.76015
105.42669	57.74124
105.4863	57.72228
105.54591	57.70326
105.60552	57.68417
105.66513	57.66499
105.72474	57.64573
105.78436	57.6264
105.84397	57.60701
105.90358	57.58758
105.96319	57.56812
106.0228	57.54864
106.08242	57.52916
106.14203	57.50969
106.20164	57.49025
106.26125	57.47084
106.32086	57.4515
106.38048	57.43222
106.44009	57.41302
106.4997	57.39392
106.55931	57.37493
106.61892	57.35606
106.67854	57.33734
106.73815	57.31875
106.79776	57.30029
106.85737	57.28194
106.91698	57.26368
106.9766	57.24551
107.03621	57.22741
107.09582	57.20936
107.15543	57.19135
107.21504	57.17337
107.27465	57.15539
107.33427	57.13742
107.39388	57.11942
107.45349	57.1014
107.5131	57.08333
107.57271	57.06519
107.63233	57.04699
107.69194	57.02869
107.75155	57.01031
107.81116	56.99186
107.87077	56.97334
107.93039	56.95477
107.99	56.93617
108.04961	56.91753
108.10922	56.89887
108.16883	56.88021
108.22845	56.86156
108.28806	56.84292
108.34767	56.8243
108.40728	56.80572
108.46689	56.7872
108.52651	56.76873
108.58612	56.75033
108.64573	56.73202
108.70534	56.7138
108.76495	56.69566
108.82456	56.67761
108.88418	56.65963
108.94379	56.64171
109.0034	56.62385
109.06301	56.60605
109.12262	56.58829
109.18224	56.57056
109.24185	56.55287
109.30146	56.5352
109.36107	56.51755
109.42068	56.49991
109.4803	56.48227
109.53991	56.46463
109.59952	56.44698
109.65913	56.4293
109.71874	56.41161
109.77836	56.39389
109.83797	56.37616
109.89758	56.3584
109.95719	56.34062
110.0168	56.32282
110.07642	56.305
110.13603	56.28717
110.19564	56.26932
110.25525	56.25145
110.31486	56.23357
110.37447	56.21567
110.43409	56.19776
110.4937	56.17983
110.55331	56.1619
110.61292	56.14395
110.67253	56.12599
110.73215	56.10802
110.79176	56.09005
110.85137	56.07208
110.91098	56.05411
110.97059	56.03616
111.03021	56.01823
111.08982	56.00031
111.14943	55.98243
111.20904	55.96457
111.26865	55.94676
111.32827	55.92898
111.38788	55.91125
111.44749	55.89357
111.5071	55.87595
111.56671	55.85839
111.62633	55.84089
111.68594	55.82347
111.74555	55.80611
111.80516	55.78881
111.86477	55.77157
111.92438	55.75438
111.984	55.73724
112.04361	55.72013
112.10322	55.70306
112.16283	55.68601
112.22244	55.66899
112.28206	55.65199
112.34167	55.63499
112.40128	55.618
112.46089	55.60102
112.5205	55.58402
112.58012	55.56701
112.63973	55.54999
112.69934	55.53295
112.75895	55.51588
112.81856	55.4988
112.87818	55.4817
112.93779	55.46458
112.9974	55.44745
113.05701	55.43031
113.11662	55.41315
113.17624	55.39598
113.23585	55.37881
113.29546	55.36162
113.35507	55.34443
113.41468	55.32723
113.47429	55.31004
113.53391	55.29283
113.59352	55.27563
113.65313	55.25843
113.71274	55.24123
113.77235	55.22404
113.83197	55.20685
113.89158	55.18966
113.95119	55.17249
114.0108	55.15532
114.07041	55.13816
114.13003	55.12102
114.18964	55.10389
114.24925	55.08678
114.30886	55.06968
114.36847	55.0526
114.42809	55.03555
114.4877	55.01851
114.54731	55.00149
114.60692	54.98451
114.66653	54.96754
114.72615	54.9506
114.78576	54.93369
114.84537	54.91681
114.90498	54.89996
114.96459	54.88314
115.0242	54.86635
115.08382	54.8496
115.14343	54.83288
115.20304	54.81619
115.26265	54.79953
115.32226	54.78292
115.38188	54.76633
115.44149	54.74979
115.5011	54.73329
115.56071	54.71682
115.62032	54.7004
115.67994	54.68402
115.73955	54.66767
115.79916	54.65135
115.85877	54.63505
115.91838	54.61876
115.978	54.60248
116.03761	54.58619
116.09722	54.5699
116.15683	54.55359
116.21644	54.53726
116.27606	54.52089
116.33567	54.50449
116.39528	54.48804
116.45489	54.47154
116.5145	54.45498
116.57411	54.43835
116.63373	54.42165
116.69334	54.40487
116.75295	54.38802
116.81256	54.37113
116.87217	54.3542
116.93179	54.33724
116.9914	54.32027
117.05101	54.30331
117.11062	54.28636
117.17023	54.26944
117.22985	54.25256
117.28946	54.23574
117.34907	54.21899
117.40868	54.20232
117.46829	54.18575
117.52791	54.16929
117.58752	54.15295
117.64713	54.13675
117.70674	54.12068
117.76635	54.10473
117.82597	54.08889
117.88558	54.07315
117.94519	54.05748
118.0048	54.04189
118.06441	54.02634
118.12402	54.01084
118.18364	53.99536
118.24325	53.9799
118.30286	53.96443
118.36247	53.94894
118.42208	53.93343
118.4817	53.91788
118.54131	53.90227
118.60092	53.88658
118.66053	53.87082
118.72014	53.85497
118.77976	53.83906
118.83937	53.82308
118.89898	53.80705
118.95859	53.79097
119.0182	53.77486
119.07782	53.75872
119.13743	53.74256
119.19704	53.72639
119.25665	53.71022
119.31626	53.69407
119.37588	53.67792
119.43549	53.66181
119.4951	53.64573
119.55471	53.62969
119.61432	53.61371
119.67393	53.59779
119.73355	53.58192
119.79316	53.5661
119.85277	53.55033
119.91238	53.53459
119.97199	53.5189
120.03161	53.50323
120.09122	53.48758
120.15083	53.47196
120.21044	53.45635
120.27005	53.44075
120.32967	53.42516
120.38928	53.40956
120.44889	53.39395
120.5085	53.37834
120.56811	53.36271
120.62773	53.34705
120.68734	53.33138
120.74695	53.31568
120.80656	53.29997
120.86617	53.28425
120.92579	53.26852
120.9854	53.25279
121.04501	53.23706
121.10462	53.22133
121.16423	53.20562
121.22384	53.18992
121.28346	53.17424
121.34307	53.15858
121.40268	53.14295
121.46229	53.12735
121.5219	53.11179
121.58152	53.09626
121.64113	53.08078
121.70074	53.06534
121.76035	53.04994
121.81996	53.03457
121.87958	53.01923
121.93919	53.00391
121.9988	52.98862
122.05841	52.97333
122.11802	52.95806
122.17764	52.94279
122.23725	52.92751
122.29686	52.91224
122.35647	52.89695
122.41608	52.88165
122.4757	52.86632
122.53531	52.85097
122.59492	52.8356
122.65453	52.82019
122.71414	52.80475
122.77375	52.78929
122.83337	52.77382
122.89298	52.75834
122.95259	52.74287
123.0122	52.72741
123.07181	52.71197
123.13143	52.69656
123.19104	52.68118
123.25065	52.66585
123.31026	52.65057
123.36987	52.63535
123.42949	52.6202
123.4891	52.60512
123.54871	52.59013
123.60832	52.57523
123.66793	52.56042
123.72755	52.54569
123.78716	52.53104
123.84677	52.51645
123.90638	52.5019
123.96599	52.48739
124.02561	52.47289
124.08522	52.45841
124.14483	52.44392
124.20444	52.42941
124.26405	52.41487
124.32366	52.40029
124.38328	52.38566
124.44289	52.37096
124.5025	52.35617
124.56211	52.3413
124.62172	52.32632
124.68134	52.31123
124.74095	52.29605
124.80056	52.28079
124.86017	52.26547
124.91978	52.25008
124.9794	52.23466
125.03901	52.2192
125.09862	52.20373
125.15823	52.18825
125.21784	52.17278
125.27746	52.15734
125.33707	52.14192
125.39668	52.12655
125.45629	52.11124
125.5159	52.096
125.57552	52.08085
125.63513	52.06579
125.69474	52.05082
125.75435	52.03594
125.81396	52.02113
125.87357	52.0064
125.93319	51.99173
125.9928	51.97711
126.05241	51.96253
126.11202	51.94799
126.17163	51.93348
126.23125	51.91898
126.29086	51.9045
126.35047	51.89003
126.41008	51.87554
126.46969	51.86105
126.52931	51.84653
126.58892	51.83198
126.64853	51.8174
126.70814	51.80279
126.76775	51.78815
126.82737	51.77348
126.88698	51.75881
126.94659	51.74412
127.0062	51.72943
127.06581	51.71474
127.12543	51.70005
127.18504	51.68538
127.24465	51.67072
127.30426	51.65609
127.36387	51.64148
127.42348	51.62691
127.4831	51.61238
127.54271	51.59789
127.60232	51.58345
127.66193	51.56906
127.72154	51.55472
127.78116	51.54042
127.84077	51.52616
127.90038	51.51193
127.95999	51.49773
128.0196	51.48356
128.07922	51.4694
128.13883	51.45526
128.19844	51.44113
128.25805	51.427
128.31766	51.41287
128.37728	51.39874
128.43689	51.38459
128.4965	51.37044
128.55611	51.35626
128.61572	51.34206
128.67534	51.32783
128.73495	51.31359
128.79456	51.29932
128.85417	51.28504
128.91378	51.27073
128.97339	51.25642
129.03301	51.24209
129.09262	51.22776
129.15223	51.21341
129.21184	51.19906
129.27145	51.18471
129.33107	51.17036
129.39068	51.15601
129.45029	51.14166
129.5099	51.12732
129.56951	51.11299
129.62913	51.09866
129.68874	51.08435
129.74835	51.07005
129.80796	51.05576
129.86757	51.04149
129.92719	51.02722
129.9868	51.01298
130.04641	50.99875
130.10602	50.98453
130.16563	50.97033
130.22525	50.95615
130.28486	50.94199
130.34447	50.92785
130.40408	50.91373
130.46369	50.89963
130.5233	50.88555
130.58292	50.87149
130.64253	50.85745
130.70214	50.84344
130.76175	50.82944
130.82136	50.81547
130.88098	50.8015
130.94059	50.78756
131.0002	50.77362
131.05981	50.75969
131.11942	50.74578
131.17904	50.73187
131.23865	50.71796
131.29826	50.70406
131.35787	50.69016
131.41748	50.67626
131.4771	50.66236
131.53671	50.64845
131.59632	50.63454
131.65593	50.62063
131.71554	50.60671
131.77516	50.59279
131.83477	50.57886
131.89438	50.56494
131.95399	50.55103
132.0136	50.53711
132.07321	50.52321
132.13283	50.50931
132.19244	50.49543
132.25205	50.48155
132.31166	50.46769
132.37127	50.45385
132.43089	50.44002
132.4905	50.42622
132.55011	50.41243
132.60972	50.39867
132.66933	50.38493
132.72895	50.37122
132.78856	50.35752
132.84817	50.34385
132.90778	50.3302
132.96739	50.31657
133.02701	50.30296
133.08662	50.28937
133.14623	50.2758
133.20584	50.26225
133.26545	50.24872
133.32507	50.2352
133.38468	50.22171
133.44429	50.20823
133.5039	50.19476
133.56351	50.18132
133.62312	50.16788
133.68274	50.15447
133.74235	50.14106
133.80196	50.12767
133.86157	50.11429
133.92118	50.10091
133.9808	50.08755
134.04041	50.07419
134.10002	50.06084
134.15963	50.0475
134.21924	50.03415
134.27886	50.02081
134.33847	50.00747
134.39808	49.99413
134.45769	49.98079
134.5173	49.96745
134.57692	49.9541
134.63653	49.94075
134.69614	49.92739
134.75575	49.91403
134.81536	49.90067
134.87497	49.8873
134.93459	49.87394
134.9942	49.86057
135.05381	49.8472
135.11342	49.83382
135.17303	49.82045
135.23265	49.80708
135.29226	49.7937
135.35187	49.78033
135.41148	49.76696
135.47109	49.75359
135.53071	49.74022
135.59032	49.72685
135.64993	49.71349
135.70954	49.70013
135.76915	49.68679
135.82877	49.67345
135.88838	49.66013
135.94799	49.64684
136.0076	49.63356
136.06721	49.62031
136.12683	49.60709
136.18644	49.59389
136.24605	49.58073
136.30566	49.56761
136.36527	49.55453
136.42488	49.54149
136.4845	49.5285
136.54411	49.51555
136.60372	49.50266
136.66333	49.48981
136.72294	49.477
136.78256	49.46422
136.84217	49.45147
136.90178	49.43873
136.96139	49.426
137.021	49.41328
137.08062	49.40055
137.14023	49.38781
137.19984	49.37506
137.25945	49.36227
137.31906	49.34946
137.37868	49.3366
137.43829	49.3237
137.4979	49.31075
137.55751	49.29773
137.61712	49.28465
137.67674	49.2715
137.73635	49.25831
137.79596	49.24508
137.85557	49.2318
137.91518	49.2185
137.97479	49.20518
138.03441	49.19184
138.09402	49.1785
138.15363	49.16516
138.21324	49.15182
138.27285	49.13851
138.33247	49.12521
138.39208	49.11195
138.45169	49.09873
138.5113	49.08555
138.57091	49.07243
138.63053	49.05936
138.69014	49.04634
138.74975	49.03338
138.80936	49.02046
138.86897	49.00759
138.92859	48.99477
138.9882	48.98198
139.04781	48.96923
139.10742	48.95651
139.16703	48.94382
139.22665	48.93117
139.28626	48.91853
139.34587	48.90592
139.40548	48.89334
139.46509	48.88076
139.5247	48.86821
139.58432	48.85566
139.64393	48.84313
139.70354	48.8306
139.76315	48.81809
139.82276	48.80558
139.88238	48.79308
139.94199	48.78059
140.0016	48.76811
140.06121	48.75563
140.12082	48.74316
140.18044	48.7307
140.24005	48.71824
140.29966	48.70578
140.35927	48.69333
140.41888	48.68088
140.4785	48.66844
140.53811	48.65599
140.59772	48.64355
140.65733	48.63111
140.71694	48.61866
140.77656	48.60622
140.83617	48.59377
140.89578	48.58132
140.95539	48.56886
141.015	48.55639
141.07461	48.54392
141.13423	48.53144
141.19384	48.51895
141.25345	48.50645
141.31306	48.49393
141.37267	48.4814
141.43229	48.46886
141.4919	48.4563
141.55151	48.44372
141.61112	48.43113
141.67073	48.41853
141.73035	48.40592
141.78996	48.39331
141.84957	48.38071
141.90918	48.36812
141.96879	48.35555
142.02841	48.34301
142.08802	48.33049
142.14763	48.31801
142.20724	48.30558
142.26685	48.29318
142.32647	48.28085
142.38608	48.26857
142.44569	48.25635
142.5053	48.24421
142.56491	48.23214
142.62452	48.22015
142.68414	48.20822
142.74375	48.19634
142.80336	48.18451
142.86297	48.1727
142.92258	48.16092
142.9822	48.14915
143.04181	48.13738
143.10142	48.1256
143.16103	48.1138
143.22064	48.10197
143.28026	48.09009
143.33987	48.07817
143.39948	48.06618
143.45909	48.05411
143.5187	48.04197
143.57832	48.02973
143.63793	48.0174
143.69754	48.00499
143.75715	47.99252
143.81676	47.97998
143.87638	47.9674
143.93599	47.95478
143.9956	47.94214
144.05521	47.92948
144.11482	47.91681
144.17443	47.90415
144.23405	47.89151
144.29366	47.87889
144.35327	47.86632
144.41288	47.85379
144.47249	47.84131
144.53211	47.82891
144.59172	47.81659
144.65133	47.80433
144.71094	47.79215
144.77055	47.78003
144.83017	47.76797
144.88978	47.75596
144.94939	47.744
145.009	47.73209
145.06861	47.72021
145.12823	47.70837
145.18784	47.69656
145.24745	47.68477
145.30706	47.67301
145.36667	47.66125
145.42629	47.64951
145.4859	47.63777
145.54551	47.62603
145.60512	47.61429
145.66473	47.60255
145.72434	47.5908
145.78396	47.57904
145.84357	47.56728
145.90318	47.55552
145.96279	47.54374
146.0224	47.53197
146.08202	47.52018
146.14163	47.50838
146.20124	47.49658
146.26085	47.48477
146.32046	47.47295
146.38008	47.46112
146.43969	47.44928
146.4993	47.43743
146.55891	47.42557
146.61852	47.4137
146.67814	47.40182
146.73775	47.38994
146.79736	47.37807
146.85697	47.3662
146.91658	47.35435
146.9762	47.3425
147.03581	47.33068
147.09542	47.31888
147.15503	47.3071
147.21464	47.29535
147.27425	47.28364
147.33387	47.27196
147.39348	47.26033
147.45309	47.24874
147.5127	47.2372
147.57231	47.22571
147.63193	47.21426
147.69154	47.20286
147.75115	47.19149
147.81076	47.18014
147.87037	47.16882
147.92999	47.1575
147.9896	47.14619
148.04921	47.13488
148.10882	47.12356
148.16843	47.11222
148.22805	47.10086
148.28766	47.08947
148.34727	47.07805
148.40688	47.06658
148.46649	47.05506
148.52611	47.04348
148.58572	47.03185
148.64533	47.02016
148.70494	47.00843
148.76455	46.99666
148.82416	46.98486
148.88378	46.97305
148.94339	46.96121
149.003	46.94938
149.06261	46.93754
149.12222	46.92572
149.18184	46.91391
149.24145	46.90213
149.30106	46.89039
149.36067	46.87869
149.42028	46.86703
149.4799	46.85544
149.53951	46.84391
149.59912	46.83244
149.65873	46.82104
149.71834	46.80969
149.77796	46.79839
149.83757	46.78713
149.89718	46.77592
149.95679	46.76473
150.0164	46.75357
150.07602	46.74242
150.13563	46.7313
150.19524	46.72017
150.25485	46.70905
150.31446	46.69793
150.37407	46.6868
150.43369	46.67565
150.4933	46.66448
150.55291	46.65328
150.61252	46.64205
150.67213	46.6308
150.73175	46.61952
150.79136	46.60821
150.85097	46.59688
150.91058	46.58553
150.97019	46.57416
151.02981	46.56276
151.08942	46.55135
151.14903	46.53991
151.20864	46.52846
151.26825	46.51699
151.32787	46.50551
151.38748	46.49401
151.44709	46.48249
151.5067	46.47097
151.56631	46.45943
151.62593	46.44789
151.68554	46.43634
151.74515	46.42479
151.80476	46.41325
151.86437	46.40171
151.92398	46.39018
151.9836	46.37867
152.04321	46.36717
152.10282	46.35569
152.16243	46.34424
152.22204	46.33282
152.28166	46.32143
152.34127	46.31008
152.40088	46.29876
152.46049	46.28749
152.5201	46.27627
152.57972	46.26509
152.63933	46.25396
152.69894	46.24286
152.75855	46.2318
152.81816	46.22076
152.87778	46.20975
152.93739	46.19876
152.997	46.18779
153.05661	46.17682
153.11622	46.16586
153.17584	46.1549
153.23545	46.14394
153.29506	46.13297
153.35467	46.12198
153.41428	46.11098
153.47389	46.09995
153.53351	46.0889
153.59312	46.07782
153.65273	46.06672
153.71234	46.05561
153.77195	46.04448
153.83157	46.03334
153.89118	46.02221
153.95079	46.01108
154.0104	45.99996
154.07001	45.98885
154.12963	45.97776
154.18924	45.9667
154.24885	45.95567
154.30846	45.94467
154.36807	45.93371
154.42769	45.92279
154.4873	45.91192
154.54691	45.90111
154.60652	45.89034
154.66613	45.87962
154.72575	45.86893
154.78536	45.85827
154.84497	45.84763
154.90458	45.83701
154.96419	45.82638
155.0238	45.81576
155.08342	45.80513
155.14303	45.79449
155.20264	45.78382
155.26225	45.77313
155.32186	45.76239
155.38148	45.75162
155.44109	45.74079
155.5007	45.72991
155.56031	45.71897
155.61992	45.70797
155.67954	45.69692
155.73915	45.68584
155.79876	45.67472
155.85837	45.66358
155.91798	45.65242
155.9776	45.64125
156.03721	45.63008
156.09682	45.61891
156.15643	45.60776
156.21604	45.59662
156.27566	45.58552
156.33527	45.57445
156.39488	45.56342
156.45449	45.55244
156.5141	45.54152
156.57371	45.53066
156.63333	45.51985
156.69294	45.50909
156.75255	45.49837
156.81216	45.48768
156.87177	45.47703
156.93139	45.4664
156.991	45.45579
157.05061	45.4452
157.11022	45.43461
157.16983	45.42403
157.22945	45.41344
157.28906	45.40285
157.34867	45.39225
157.40828	45.38162
157.46789	45.37097
157.52751	45.36029
157.58712	45.34959
157.64673	45.33885
157.70634	45.32811
157.76595	45.31734
157.82557	45.30657
157.88518	45.29579
157.94479	45.28501
158.0044	45.27424
158.06401	45.26347
158.12362	45.25272
158.18324	45.24199
158.24285	45.23127
158.30246	45.22059
158.36207	45.20994
158.42168	45.19932
158.4813	45.18874
158.54091	45.17821
158.60052	45.16772
158.66013	45.15727
158.71974	45.14685
158.77936	45.13647
158.83897	45.12611
158.89858	45.11579
158.95819	45.10548
159.0178	45.0952
159.07742	45.08493
159.13703	45.07467
159.19664	45.06443
159.25625	45.05419
159.31586	45.04396
159.37548	45.03372
159.43509	45.02349
159.4947	45.01325
159.55431	45.003
159.61392	44.99275
159.67353	44.98248
159.73315	44.97221
159.79276	44.96193
159.85237	44.95163
159.91198	44.94133
159.97159	44.93101
160.03121	44.92068
160.09082	44.91033
160.15043	44.89997
160.21004	44.8896
160.26965	44.87921
160.32927	44.8688
160.38888	44.85838
160.44849	44.84794
160.5081	44.83748
160.56771	44.82701
160.62733	44.81652
160.68694	44.80602
160.74655	44.79551
160.80616	44.78499
160.86577	44.77447
160.92539	44.76395
160.985	44.75343
161.04461	44.7429
161.10422	44.73239
161.16383	44.72188
161.22344	44.71138
161.28306	44.7009
161.34267	44.69043
161.40228	44.67998
161.46189	44.66954
161.5215	44.65913
161.58112	44.64875
161.64073	44.63838
161.70034	44.62804
161.75995	44.61773
161.81956	44.60743
161.87918	44.59717
161.93879	44.58692
161.9984	44.5767
162.05801	44.56651
162.11762	44.55634
162.17724	44.5462
162.23685	44.53608
162.29646	44.52599
162.35607	44.51592
162.41568	44.50588
162.4753	44.49587
162.53491	44.48588
162.59452	44.47592
162.65413	44.46597
162.71374	44.45604
162.77335	44.44612
162.83297	44.43621
162.89258	44.42631
162.95219	44.4164
163.0118	44.40649
163.07141	44.39658
163.13103	44.38666
163.19064	44.37672
163.25025	44.36676
163.30986	44.35679
163.36947	44.34679
163.42909	44.33677
163.4887	44.32671
163.54831	44.31662
163.60792	44.3065
163.66753	44.29636
163.72715	44.2862
163.78676	44.27602
163.84637	44.26583
163.90598	44.25562
163.96559	44.24541
164.02521	44.23519
164.08482	44.22497
164.14443	44.21476
164.20404	44.20455
164.26365	44.19435
164.32326	44.18417
164.38288	44.174
164.44249	44.16385
164.5021	44.15373
164.56171	44.14363
164.62132	44.13355
164.68094	44.1235
164.74055	44.11346
164.80016	44.10345
164.85977	44.09345
164.91938	44.08347
164.979	44.07351
165.03861	44.06356
165.09822	44.05363
165.15783	44.04371
165.21744	44.03381
165.27706	44.02391
165.33667	44.01403
165.39628	44.00415
165.45589	43.99429
165.5155	43.98443
165.57512	43.97457
165.63473	43.96472
165.69434	43.95488
165.75395	43.94504
165.81356	43.93521
165.87317	43.92538
165.93279	43.91555
165.9924	43.90572
166.05201	43.89589
166.11162	43.88606
166.17123	43.87623
166.23085	43.8664
166.29046	43.85657
166.35007	43.84673
166.40968	43.83689
166.46929	43.82705
166.52891	43.8172
166.58852	43.80735
166.64813	43.7975
166.70774	43.78764
166.76735	43.77779
166.82697	43.76794
166.88658	43.7581
166.94619	43.74826
167.0058	43.73843
167.06541	43.7286
167.12503	43.71879
167.18464	43.70899
167.24425	43.6992
167.30386	43.68942
167.36347	43.67966
167.42308	43.66992
167.4827	43.66019
167.54231	43.65048
167.60192	43.64079
167.66153	43.63112
167.72114	43.62146
167.78076	43.61182
167.84037	43.60219
167.89998	43.59257
167.95959	43.58297
168.0192	43.57338
168.07882	43.5638
168.13843	43.55423
168.19804	43.54467
168.25765	43.53512
168.31726	43.52557
168.37688	43.51603
168.43649	43.5065
168.4961	43.49697
168.55571	43.48744
168.61532	43.47792
168.67493	43.4684
168.73455	43.45887
168.79416	43.44934
168.85377	43.43981
168.91338	43.43026
168.97299	43.42071
169.03261	43.41115
169.09222	43.40157
169.15183	43.39198
169.21144	43.38237
169.27105	43.37275
169.33067	43.3631
169.39028	43.35343
169.44989	43.34374
169.5095	43.33403
169.56911	43.32429
169.62873	43.31454
169.68834	43.30479
169.74795	43.29503
169.80756	43.28527
169.86717	43.27552
169.92679	43.26578
169.9864	43.25606
170.04601	43.24636
170.10562	43.23669
170.16523	43.22706
170.22484	43.21746
170.28446	43.20791
170.34407	43.19841
170.40368	43.18897
170.46329	43.17959
170.5229	43.17026
170.58252	43.16099
170.64213	43.15176
170.70174	43.14257
170.76135	43.1334
170.82096	43.12424
170.88058	43.1151
170.94019	43.10595
170.9998	43.09679
171.05941	43.08762
171.11902	43.07842
171.17864	43.06918
171.23825	43.0599
171.29786	43.05056
171.35747	43.04116
171.41708	43.03169
171.4767	43.02215
171.53631	43.01253
171.59592	43.00284
171.65553	42.99311
171.71514	42.98335
171.77475	42.97355
171.83437	42.96375
171.89398	42.95394
171.95359	42.94414
172.0132	42.93437
172.07281	42.92464
172.13243	42.91495
172.19204	42.90532
172.25165	42.89576
172.31126	42.88629
172.37087	42.87692
172.43049	42.86765
172.4901	42.8585
172.54971	42.84946
172.60932	42.8405
172.66893	42.83162
172.72855	42.8228
172.78816	42.81403
172.84777	42.80529
172.90738	42.79656
172.96699	42.78784
173.02661	42.7791
173.08622	42.77034
173.14583	42.76153
173.20544	42.75267
173.26505	42.74373
173.32466	42.7347
173.38428	42.72557
173.44389	42.71633
173.5035	42.70696
173.56311	42.69748
173.62272	42.68792
173.68234	42.67827
173.74195	42.66856
173.80156	42.65881
173.86117	42.64903
173.92078	42.63924
173.9804	42.62944
174.04001	42.61967
174.09962	42.60992
174.15923	42.60023
174.21884	42.5906
174.27846	42.58105
174.33807	42.57159
174.39768	42.56225
174.45729	42.55303
174.5169	42.54394
174.57652	42.53496
174.63613	42.52608
174.69574	42.51728
174.75535	42.50856
174.81496	42.49988
174.87457	42.49125
174.93419	42.48265
174.9938	42.47405
175.05341	42.46546
175.11302	42.45685
175.17263	42.4482
175.23225	42.43952
175.29186	42.43077
175.35147	42.42195
175.41108	42.41304
175.47069	42.40403
175.53031	42.39493
175.58992	42.38575
175.64953	42.3765
175.70914	42.3672
175.76875	42.35786
175.82837	42.34848
175.88798	42.3391
175.94759	42.32971
176.0072	42.32033
176.06681	42.31097
176.12643	42.30165
176.18604	42.29238
176.24565	42.28317
176.30526	42.27404
176.36487	42.265
176.42448	42.25605
176.4841	42.24722
176.54371	42.23848
176.60332	42.22983
176.66293	42.22125
176.72254	42.21272
176.78216	42.20424
176.84177	42.19579
176.90138	42.18736
176.96099	42.17894
177.0206	42.1705
177.08022	42.16204
177.13983	42.15355
177.19944	42.145
177.25905	42.13639
177.31866	42.12771
177.37828	42.11893
177.43789	42.11006
177.4975	42.10107
177.55711	42.092
177.61672	42.08284
177.67634	42.07361
177.73595	42.06432
177.79556	42.05498
177.85517	42.04561
177.91478	42.03622
177.97439	42.02681
178.03401	42.01741
178.09362	42.00802
178.15323	41.99865
178.21284	41.98932
178.27245	41.98004
178.33207	41.97082
178.39168	41.96167
178.45129	41.9526
178.5109	41.94361
178.57051	41.9347
178.63013	41.92585
178.68974	41.91707
178.74935	41.90834
178.80896	41.89965
178.86857	41.891
178.92819	41.88237
178.9878	41.87377
179.04741	41.86519
179.10702	41.85661
179.16663	41.84803
179.22625	41.83944
179.28586	41.83084
179.34547	41.82221
179.40508	41.81355
179.46469	41.80486
179.5243	41.79613
179.58392	41.78737
179.64353	41.77859
179.70314	41.76979
179.76275	41.76097
179.82236	41.75215
179.88198	41.74333
179.94159	41.7345
180.0012	41.72568
180.06081	41.71687
180.12042	41.70808
180.18004	41.69932
180.23965	41.69057
180.29926	41.68187
180.35887	41.67319
180.41848	41.66456
180.4781	41.65598
180.53771	41.64743
180.59732	41.63891
180.65693	41.63042
180.71654	41.62195
180.77616	41.61349
180.83577	41.60503
180.89538	41.59658
180.95499	41.58811
181.0146	41.57964
181.07421	41.57115
181.13383	41.56263
181.19344	41.55407
181.25305	41.54548
181.31266	41.53685
181.37227	41.52816
181.43189	41.51942
181.4915	41.51062
181.55111	41.50177
181.61072	41.4929
181.67033	41.48399
181.72995	41.47508
181.78956	41.46617
181.84917	41.45726
181.90878	41.44837
181.96839	41.43952
182.02801	41.4307
182.08762	41.42194
182.14723	41.41324
182.20684	41.40462
182.26645	41.39608
182.32607	41.38763
182.38568	41.37929
182.44529	41.37107
182.5049	41.36295
182.56451	41.35492
182.62412	41.34697
182.68374	41.33908
182.74335	41.33123
182.80296	41.32341
182.86257	41.3156
182.92218	41.30779
182.9818	41.29996
183.04141	41.2921
183.10102	41.28418
183.16063	41.2762
183.22024	41.26814
183.27986	41.25999
183.33947	41.25172
183.39908	41.24332
183.45869	41.23478
183.5183	41.22612
183.57792	41.21735
183.63753	41.20849
183.69714	41.19955
183.75675	41.19055
183.81636	41.1815
183.87598	41.17243
183.93559	41.16335
183.9952	41.15427
184.05481	41.14522
184.11442	41.1362
184.17403	41.12724
184.23365	41.11836
184.29326	41.10956
184.35287	41.10086
184.41248	41.09229
184.47209	41.08384
184.53171	41.07551
184.59132	41.06728
184.65093	41.05914
184.71054	41.05108
184.77015	41.04309
184.82977	41.03515
184.88938	41.02724
184.94899	41.01937
185.0086	41.0115
185.06821	41.00364
185.12783	40.99576
185.18744	40.98785
185.24705	40.97991
185.30666	40.97191
185.36627	40.96385
185.42589	40.95571
185.4855	40.9475
185.54511	40.93921
185.60472	40.93086
185.66433	40.92247
185.72394	40.91402
185.78356	40.90555
185.84317	40.89704
185.90278	40.88852
185.96239	40.87999
186.022	40.87146
186.08162	40.86294
186.14123	40.85444
186.20084	40.84596
186.26045	40.83752
186.32006	40.82912
186.37968	40.82077
186.43929	40.81249
186.4989	40.80425
186.55851	40.79607
186.61812	40.78792
186.67774	40.7798
186.73735	40.77171
186.79696	40.76364
186.85657	40.75558
186.91618	40.74752
186.9758	40.73945
187.03541	40.73138
187.09502	40.72328
187.15463	40.71516
187.21424	40.70701
187.27385	40.69881
187.33347	40.69056
187.39308	40.68226
187.45269	40.6739
187.5123	40.66549
187.57191	40.65704
187.63153	40.64855
187.69114	40.64004
187.75075	40.63151
187.81036	40.62297
187.86997	40.61444
187.92959	40.60593
187.9892	40.59743
188.04881	40.58896
188.10842	40.58054
188.16803	40.57216
188.22765	40.56384
188.28726	40.55559
188.34687	40.54742
188.40648	40.53933
188.46609	40.53132
188.52571	40.5234
188.58532	40.51553
188.64493	40.50772
188.70454	40.49995
188.76415	40.49222
188.82376	40.48451
188.88338	40.47681
188.94299	40.46912
189.0026	40.46142
189.06221	40.45369
189.12182	40.44594
189.18144	40.43815
189.24105	40.43031
189.30066	40.42241
189.36027	40.41444
189.41988	40.40639
189.4795	40.39826
189.53911	40.39007
189.59872	40.38182
189.65833	40.37354
189.71794	40.36521
189.77756	40.35687
189.83717	40.34852
189.89678	40.34016
189.95639	40.33182
190.016	40.32351
190.07562	40.31522
190.13523	40.30698
190.19484	40.2988
190.25445	40.29068
190.31406	40.28265
190.37367	40.2747
190.43329	40.26684
190.4929	40.25907
190.55251	40.25138
190.61212	40.24374
190.67173	40.23616
190.73135	40.22861
190.79096	40.22108
190.85057	40.21357
190.91018	40.20605
190.96979	40.19852
191.02941	40.19096
191.08902	40.18336
191.14863	40.17571
191.20824	40.16799
191.26785	40.1602
191.32747	40.15232
191.38708	40.14433
191.44669	40.13624
191.5063	40.12806
191.56591	40.1198
191.62553	40.11149
191.68514	40.10312
191.74475	40.09473
191.80436	40.08632
191.86397	40.07791
191.92358	40.06952
191.9832	40.06116
192.04281	40.05284
192.10242	40.04459
192.16203	40.03641
192.22164	40.02832
192.28126	40.02035
192.34087	40.01249
192.40048	40.00477
192.46009	39.99718
192.5197	39.9897
192.57932	39.98232
192.63893	39.97501
192.69854	39.96777
192.75815	39.96056
192.81776	39.95338
192.87738	39.94621
192.93699	39.93902
192.9966	39.93181
193.05621	39.92454
193.11582	39.91722
193.17544	39.9098
193.23505	39.90229
193.29466	39.89465
193.35427	39.88688
193.41388	39.87896
193.47349	39.87089
193.53311	39.8627
193.59272	39.8544
193.65233	39.84602
193.71194	39.83757
193.77155	39.82908
193.83117	39.82057
193.89078	39.81206
193.95039	39.80356
194.01	39.7951
194.06961	39.7867
194.12923	39.77838
194.18884	39.77017
194.24845	39.76207
194.30806	39.75411
194.36767	39.74631
194.42729	39.73868
194.4869	39.73121
194.54651	39.72388
194.60612	39.71667
194.66573	39.70956
194.72535	39.70253
194.78496	39.69557
194.84457	39.68865
194.90418	39.68175
194.96379	39.67487
195.0234	39.66797
195.08302	39.66105
195.14263	39.65408
195.20224	39.64704
195.26185	39.63992
195.32146	39.63269
195.38108	39.62534
195.44069	39.61787
195.5003	39.61028
195.55991	39.60259
195.61952	39.59481
195.67914	39.58695
195.73875	39.57903
195.79836	39.57107
195.85797	39.56306
195.91758	39.55504
195.9772	39.547
196.03681	39.53896
196.09642	39.53095
196.15603	39.52296
196.21564	39.51501
196.27526	39.50712
196.33487	39.49929
196.39448	39.49155
196.45409	39.48388
196.5137	39.47628
196.57331	39.46875
196.63293	39.46126
196.69254	39.45383
196.75215	39.44642
196.81176	39.43904
196.87137	39.43168
196.93099	39.42433
196.9906	39.41698
197.05021	39.40963
197.10982	39.40225
197.16943	39.39486
197.22905	39.38742
197.28866	39.37995
197.34827	39.37242
197.40788	39.36484
197.46749	39.3572
197.52711	39.34952
197.58672	39.3418
197.64633	39.33405
197.70594	39.32628
197.76555	39.3185
197.82517	39.31071
197.88478	39.30292
197.94439	39.29514
198.004	39.28737
198.06361	39.27963
198.12322	39.27192
198.18284	39.26425
198.24245	39.25663
198.30206	39.24906
198.36167	39.24156
198.42128	39.23412
198.4809	39.22673
198.54051	39.2194
198.60012	39.21211
198.65973	39.20486
198.71934	39.19764
198.77896	39.19043
198.83857	39.18324
198.89818	39.17606
198.95779	39.16888
199.0174	39.16169
199.07702	39.15448
199.13663	39.14725
199.19624	39.13999
199.25585	39.13269
199.31546	39.12535
199.37508	39.11795
199.43469	39.1105
199.4943	39.10301
199.55391	39.09548
199.61352	39.08792
199.67313	39.08033
199.73275	39.07273
199.79236	39.06513
199.85197	39.05752
199.91158	39.04993
199.97119	39.04234
200.03081	39.03478
200.09042	39.02725
200.15003	39.01976
200.20964	39.01231
200.26925	39.00492
200.32887	38.99758
200.38848	38.99031
200.44809	38.98311
200.5077	38.97595
200.56731	38.96884
200.62693	38.96177
200.68654	38.95472
200.74615	38.94769
200.80576	38.94067
200.86537	38.93366
200.92498	38.92664
200.9846	38.9196
201.04421	38.91254
201.10382	38.90545
201.16343	38.89832
201.22304	38.89114
201.28266	38.8839
201.34227	38.8766
201.40188	38.86923
201.46149	38.8618
201.5211	38.85431
201.58072	38.84678
201.64033	38.83922
201.69994	38.83163
201.75955	38.82404
201.81916	38.81644
201.87878	38.80884
201.93839	38.80126
201.998	38.79371
202.05761	38.7862
202.11722	38.77873
202.17684	38.77132
202.23645	38.76398
202.29606	38.75671
202.35567	38.74953
202.41528	38.74243
202.47489	38.73541
202.53451	38.72845
202.59412	38.72155
202.65373	38.71469
202.71334	38.70786
202.77295	38.70105
202.83257	38.69425
202.89218	38.68744
202.95179	38.68061
203.0114	38.67376
203.07101	38.66687
203.13063	38.65992
203.19024	38.65292
203.24985	38.64584
203.30946	38.63867
203.36907	38.63141
203.42869	38.62405
203.4883	38.61661
203.54791	38.60911
203.60752	38.60154
203.66713	38.59393
203.72675	38.58629
203.78636	38.57863
203.84597	38.57096
203.90558	38.5633
203.96519	38.55565
204.0248	38.54804
204.08442	38.54046
204.14403	38.53294
204.20364	38.52549
204.26325	38.51811
204.32286	38.51083
204.38248	38.50364
204.44209	38.49655
204.5017	38.48954
204.56131	38.48259
204.62092	38.47571
204.68054	38.46886
204.74015	38.46205
204.79976	38.45526
204.85937	38.44848
204.91898	38.4417
204.9786	38.4349
205.03821	38.42808
205.09782	38.42121
205.15743	38.4143
205.21704	38.40732
205.27666	38.40027
205.33627	38.39313
205.39588	38.3859
205.45549	38.37859
205.5151	38.37122
205.57471	38.36379
205.63433	38.35633
205.69394	38.34883
205.75355	38.34133
205.81316	38.33382
205.87277	38.32633
205.93239	38.31887
205.992	38.31145
206.05161	38.30409
206.11122	38.29679
206.17083	38.28957
206.23045	38.28246
206.29006	38.27544
206.34967	38.26856
206.40928	38.26179
206.46889	38.25512
206.52851	38.24854
206.58812	38.24204
206.64773	38.23559
206.70734	38.22918
206.76695	38.2228
206.82657	38.21643
206.88618	38.21006
206.94579	38.20366
207.0054	38.19722
207.06501	38.19074
207.12462	38.18418
207.18424	38.17754
207.24385	38.1708
207.30346	38.16395
207.36307	38.15697
207.42268	38.14986
207.4823	38.14265
207.54191	38.13534
207.60152	38.12796
207.66113	38.12051
207.72074	38.11302
207.78036	38.10551
207.83997	38.09797
207.89958	38.09044
207.95919	38.08293
208.0188	38.07545
208.07842	38.06803
208.13803	38.06066
208.19764	38.05338
208.25725	38.0462
208.31686	38.03912
208.37648	38.03217
208.43609	38.02534
208.4957	38.0186
208.55531	38.01194
208.61492	38.00536
208.67453	37.99884
208.73415	37.99237
208.79376	37.98593
208.85337	37.97952
208.91298	37.97311
208.97259	37.96669
209.03221	37.96026
209.09182	37.9538
209.15143	37.94729
209.21104	37.94073
209.27065	37.93409
209.33027	37.92737
209.38988	37.92057
209.44949	37.91369
209.5091	37.90674
209.56871	37.89973
209.62833	37.89268
209.68794	37.88559
209.74755	37.87848
209.80716	37.87136
209.86677	37.86423
209.92639	37.85711
209.986	37.85001
210.04561	37.84294
210.10522	37.8359
210.16483	37.82892
210.22444	37.822
210.28406	37.81516
210.34367	37.80839
210.40328	37.8017
210.46289	37.79508
210.5225	37.78852
210.58212	37.78201
210.64173	37.77553
210.70134	37.76908
210.76095	37.76266
210.82056	37.75623
210.88018	37.74981
210.93979	37.74338
210.9994	37.73692
211.05901	37.73043
211.11862	37.7239
211.17824	37.71732
211.23785	37.71067
211.29746	37.70396
211.35707	37.69716
211.41668	37.69029
211.4763	37.68335
211.53591	37.67636
211.59552	37.66932
211.65513	37.66225
211.71474	37.65515
211.77435	37.64803
211.83397	37.64091
211.89358	37.63379
211.95319	37.62668
212.0128	37.6196
212.07241	37.61255
212.13203	37.60554
212.19164	37.59859
212.25125	37.5917
212.31086	37.58488
212.37047	37.57813
212.43009	37.57145
212.4897	37.56483
212.54931	37.55826
212.60892	37.55174
212.66853	37.54525
212.72815	37.53878
212.78776	37.53233
212.84737	37.52589
212.90698	37.51944
212.96659	37.51299
213.02621	37.50653
213.08582	37.50003
213.14543	37.49351
213.20504	37.48694
213.26465	37.48032
213.32426	37.47364
213.38388	37.4669
213.44349	37.46011
213.5031	37.45328
213.56271	37.44641
213.62232	37.43952
213.68194	37.43261
213.74155	37.4257
213.80116	37.41878
213.86077	37.41188
213.92038	37.405
213.98	37.39815
214.03961	37.39133
214.09922	37.38456
214.15883	37.37784
214.21844	37.37119
214.27806	37.36461
214.33767	37.35812
214.39728	37.35169
214.45689	37.34534
214.5165	37.33904
214.57612	37.3328
214.63573	37.32659
214.69534	37.32042
214.75495	37.31427
214.81456	37.30814
214.87417	37.30201
214.93379	37.29588
214.9934	37.28973
215.05301	37.28357
215.11262	37.27737
215.17223	37.27114
215.23185	37.26486
215.29146	37.25852
215.35107	37.25212
215.41068	37.24567
215.47029	37.23916
215.52991	37.23261
215.58952	37.22602
215.64913	37.2194
215.70874	37.21276
215.76835	37.2061
215.82797	37.19943
215.88758	37.19275
215.94719	37.18608
216.0068	37.17941
216.06641	37.17276
216.12603	37.16614
216.18564	37.15954
216.24525	37.15297
216.30486	37.14645
216.36447	37.13996
216.42408	37.13352
216.4837	37.12711
216.54331	37.12073
216.60292	37.11437
216.66253	37.10803
216.72214	37.1017
216.78176	37.09538
216.84137	37.08906
216.90098	37.08274
216.96059	37.07641
217.0202	37.07006
217.07982	37.06369
217.13943	37.0573
217.19904	37.05088
217.25865	37.04443
217.31826	37.03794
217.37788	37.0314
217.43749	37.02483
217.4971	37.01823
217.55671	37.0116
217.61632	37.00495
217.67594	36.99828
217.73555	36.9916
217.79516	36.98491
217.85477	36.97822
217.91438	36.97152
217.97399	36.96483
218.03361	36.95815
218.09322	36.95148
218.15283	36.94483
218.21244	36.9382
218.27205	36.93159
218.33167	36.92502
218.39128	36.91847
218.45089	36.91196
218.5105	36.90547
218.57011	36.899
218.62973	36.89256
218.68934	36.88614
218.74895	36.87974
218.80856	36.87336
218.86817	36.86699
218.92779	36.86064
218.9874	36.85431
219.04701	36.84798
219.10662	36.84167
219.16623	36.83536
219.22585	36.82907
219.28546	36.82277
219.34507	36.81648
219.40468	36.8102
219.46429	36.80392
219.5239	36.79765
219.58352	36.79138
219.64313	36.78511
219.70274	36.77885
219.76235	36.77259
219.82196	36.76634
219.88158	36.76009
219.94119	36.75385
220.0008	36.74761
220.06041	36.74138
220.12002	36.73516
220.17964	36.72893
220.23925	36.72272
220.29886	36.71651
220.35847	36.7103
220.41808	36.7041
220.4777	36.6979
220.53731	36.69171
220.59692	36.68552
220.65653	36.67932
220.71614	36.67313
220.77576	36.66694
220.83537	36.66075
220.89498	36.65455
220.95459	36.64836
221.0142	36.64216
221.07381	36.63595
221.13343	36.62974
221.19304	36.62352
221.25265	36.6173
221.31226	36.61107
221.37187	36.60483
221.43149	36.59859
221.4911	36.59234
221.55071	36.58608
221.61032	36.57982
221.66993	36.57355
221.72955	36.56728
221.78916	36.561
221.84877	36.55472
221.90838	36.54844
221.96799	36.54216
222.02761	36.53587
222.08722	36.52958
222.14683	36.52329
222.20644	36.51699
222.26605	36.5107
222.32567	36.50441
222.38528	36.49811
222.44489	36.49182
222.5045	36.48553
222.56411	36.47925
222.62372	36.47297
222.68334	36.4667
222.74295	36.46044
222.80256	36.45418
222.86217	36.44794
222.92178	36.4417
222.9814	36.43548
223.04101	36.42927
223.10062	36.42307
223.16023	36.41689
223.21984	36.41073
223.27946	36.40458
223.33907	36.39845
223.39868	36.39234
223.45829	36.38624
223.5179	36.38016
223.57752	36.37409
223.63713	36.36803
223.69674	36.36198
223.75635	36.35594
223.81596	36.3499
223.87558	36.34387
223.93519	36.33785
223.9948	36.33183
224.05441	36.32581
224.11402	36.31979
224.17363	36.31377
224.23325	36.30775
224.29286	36.30173
224.35247	36.2957
224.41208	36.28966
224.47169	36.28363
224.53131	36.27759
224.59092	36.27154
224.65053	36.26549
224.71014	36.25944
224.76975	36.25338
224.82937	36.24731
224.88898	36.24124
224.94859	36.23517
225.0082	36.22909
225.06781	36.223
225.12743	36.21691
225.18704	36.21081
225.24665	36.20471
225.30626	36.1986
225.36587	36.19249
225.42549	36.18637
225.4851	36.18026
225.54471	36.17414
225.60432	36.16803
225.66393	36.16193
225.72354	36.15584
225.78316	36.14975
225.84277	36.14368
225.90238	36.13762
225.96199	36.13158
226.0216	36.12556
226.08122	36.11956
226.14083	36.11358
226.20044	36.10763
226.26005	36.1017
226.31966	36.0958
226.37928	36.08993
226.43889	36.08408
226.4985	36.07824
226.55811	36.07241
226.61772	36.0666
226.67734	36.06078
226.73695	36.05497
226.79656	36.04915
226.85617	36.04333
226.91578	36.03749
226.9754	36.03164
227.03501	36.02577
227.09462	36.01988
227.15423	36.01395
227.21384	36.008
227.27345	36.00201
227.33307	35.99598
227.39268	35.98993
227.45229	35.98385
227.5119	35.97775
227.57151	35.97164
227.63113	35.96552
227.69074	35.95941
227.75035	35.95329
227.80996	35.94719
227.86957	35.94111
227.92919	35.93505
227.9888	35.92902
228.04841	35.92302
228.10802	35.91706
228.16763	35.91115
228.22725	35.90529
228.28686	35.89949
228.34647	35.89374
228.40608	35.88804
228.46569	35.88238
228.52531	35.87674
228.58492	35.87113
228.64453	35.86552
228.70414	35.85991
228.76375	35.8543
228.82336	35.84867
228.88298	35.84301
228.94259	35.83731
229.0022	35.83157
229.06181	35.82578
229.12142	35.81993
229.18104	35.814
229.24065	35.808
229.30026	35.80191
229.35987	35.79574
229.41948	35.7895
229.4791	35.78321
229.53871	35.77687
229.59832	35.7705
229.65793	35.76411
229.71754	35.75771
229.77716	35.75131
229.83677	35.74492
229.89638	35.73856
229.95599	35.73224
230.0156	35.72597
230.07522	35.71975
230.13483	35.71361
230.19444	35.70755
230.25405	35.70158
230.31366	35.69572
230.37327	35.68994
230.43289	35.68425
230.4925	35.67863
230.55211	35.67308
230.61172	35.66758
230.67133	35.66212
230.73095	35.65671
230.79056	35.65132
230.85017	35.64595
230.90978	35.64059
230.96939	35.63524
231.02901	35.62987
231.08862	35.62449
231.14823	35.61909
231.20784	35.61365
231.26745	35.60817
231.32707	35.60264
231.38668	35.59707
231.44629	35.59146
231.5059	35.58581
231.56551	35.58012
231.62513	35.57441
231.68474	35.56867
231.74435	35.5629
231.80396	35.55711
231.86357	35.5513
231.92318	35.54547
231.9828	35.53963
232.04241	35.53378
232.10202	35.52792
232.16163	35.52205
232.22124	35.51619
232.28086	35.51032
232.34047	35.50445
232.40008	35.49859
232.45969	35.49272
232.5193	35.48686
232.57892	35.481
232.63853	35.47513
232.69814	35.46927
232.75775	35.46341
232.81736	35.45754
232.87698	35.45168
232.93659	35.44581
232.9962	35.43994
233.05581	35.43408
233.11542	35.42821
233.17504	35.42234
233.23465	35.41647
233.29426	35.4106
233.35387	35.40473
233.41348	35.39886
233.47309	35.39301
233.53271	35.38717
233.59232	35.38134
233.65193	35.37554
233.71154	35.36976
233.77115	35.36401
233.83077	35.35829
233.89038	35.3526
233.94999	35.34696
234.0096	35.34135
234.06921	35.33579
234.12883	35.33029
234.18844	35.32483
234.24805	35.31943
234.30766	35.31408
234.36727	35.30879
234.42689	35.30352
234.4865	35.29829
234.54611	35.29308
234.60572	35.28788
234.66533	35.28269
234.72494	35.27749
234.78456	35.27227
234.84417	35.26704
234.90378	35.26177
234.96339	35.25647
235.023	35.25112
235.08262	35.24571
235.14223	35.24024
235.20184	35.23469
235.26145	35.22907
235.32106	35.22337
235.38068	35.21759
235.44029	35.21176
235.4999	35.20587
235.55951	35.19994
235.61912	35.19397
235.67874	35.18798
235.73835	35.18197
235.79796	35.17596
235.85757	35.16994
235.91718	35.16393
235.9768	35.15794
236.03641	35.15198
236.09602	35.14606
236.15563	35.14018
236.21524	35.13435
236.27485	35.12858
236.33447	35.12288
236.39408	35.11722
236.45369	35.11161
236.5133	35.10605
236.57291	35.10052
236.63253	35.09503
236.69214	35.08956
236.75175	35.08412
236.81136	35.0787
236.87097	35.07328
236.93059	35.06788
236.9902	35.06248
237.04981	35.05708
237.10942	35.05167
237.16903	35.04624
237.22865	35.0408
237.28826	35.03534
237.34787	35.02987
237.40748	35.02437
237.46709	35.01886
237.52671	35.01333
237.58632	35.00779
237.64593	35.00223
237.70554	34.99667
237.76515	34.9911
237.82476	34.98552
237.88438	34.97994
237.94399	34.97435
238.0036	34.96876
238.06321	34.96317
238.12282	34.95758
238.18244	34.952
238.24205	34.94642
238.30166	34.94084
238.36127	34.93527
238.42088	34.9297
238.4805	34.92415
238.54011	34.9186
238.59972	34.91306
238.65933	34.90753
238.71894	34.90201
238.77856	34.8965
238.83817	34.891
238.89778	34.88551
238.95739	34.88004
239.017	34.87458
239.07662	34.86914
239.13623	34.86371
239.19584	34.85829
239.25545	34.8529
239.31506	34.84751
239.37467	34.84214
239.43429	34.83678
239.4939	34.83143
239.55351	34.82609
239.61312	34.82075
239.67273	34.81541
239.73235	34.81007
239.79196	34.80472
239.85157	34.79938
239.91118	34.79402
239.97079	34.78865
240.03041	34.78328
240.09002	34.77788
240.14963	34.77248
240.20924	34.76705
240.26885	34.7616
240.32847	34.75614
240.38808	34.75065
240.44769	34.74516
240.5073	34.73965
240.56691	34.73413
240.62653	34.72861
240.68614	34.72308
240.74575	34.71754
240.80536	34.71201
240.86497	34.70647
240.92458	34.70094
240.9842	34.69541
241.04381	34.68989
241.10342	34.68438
241.16303	34.67888
241.22264	34.67339
241.28226	34.66792
241.34187	34.66247
241.40148	34.65702
241.46109	34.6516
241.5207	34.64618
241.58032	34.64078
241.63993	34.63539
241.69954	34.63002
241.75915	34.62466
241.81876	34.61931
241.87838	34.61397
241.93799	34.60865
241.9976	34.60334
242.05721	34.59804
242.11682	34.59275
242.17644	34.58747
242.23605	34.5822
242.29566	34.57694
242.35527	34.57169
242.41488	34.56644
242.47449	34.56119
242.53411	34.55593
242.59372	34.55067
242.65333	34.5454
242.71294	34.54011
242.77255	34.53481
242.83217	34.52949
242.89178	34.52414
242.95139	34.51877
243.011	34.51338
243.07061	34.50795
243.13023	34.50248
243.18984	34.49698
243.24945	34.49143
243.30906	34.48585
243.36867	34.48025
243.42829	34.47462
243.4879	34.46897
243.54751	34.46332
243.60712	34.45767
243.66673	34.45203
243.72635	34.4464
243.78596	34.44079
243.84557	34.4352
243.90518	34.42966
243.96479	34.42415
244.0244	34.41869
244.08402	34.41329
244.14363	34.40795
244.20324	34.40269
244.26285	34.39749
244.32246	34.39236
244.38208	34.38729
244.44169	34.38227
244.5013	34.37729
244.56091	34.37235
244.62052	34.36744
244.68014	34.36254
244.73975	34.35766
244.79936	34.35279
244.85897	34.34792
244.91858	34.34303
244.9782	34.33813
245.03781	34.3332
245.09742	34.32825
245.15703	34.32325
245.21664	34.3182
245.27626	34.31311
245.33587	34.30798
245.39548	34.30281
245.45509	34.29761
245.5147	34.29239
245.57431	34.28715
245.63393	34.28191
245.69354	34.27665
245.75315	34.2714
245.81276	34.26616
245.87237	34.26093
245.93199	34.25572
245.9916	34.25054
246.05121	34.24539
246.11082	34.24028
246.17043	34.23522
246.23005	34.23021
246.28966	34.22524
246.34927	34.22031
246.40888	34.21541
246.46849	34.21053
246.52811	34.20566
246.58772	34.2008
246.64733	34.19593
246.70694	34.19104
246.76655	34.18614
246.82617	34.1812
246.88578	34.17622
246.94539	34.17119
247.005	34.1661
247.06461	34.16095
247.12422	34.15572
247.18384	34.15041
247.24345	34.14501
247.30306	34.13954
247.36267	34.13399
247.42228	34.1284
247.4819	34.12276
247.54151	34.11709
247.60112	34.11141
247.66073	34.10573
247.72034	34.10005
247.77996	34.0944
247.83957	34.08878
247.89918	34.08321
247.95879	34.0777
248.0184	34.07226
248.07802	34.0669
248.13763	34.06164
248.19724	34.0565
248.25685	34.05146
248.31646	34.04652
248.37608	34.04167
248.43569	34.03688
248.4953	34.03215
248.55491	34.02746
248.61452	34.0228
248.67413	34.01814
248.73375	34.01348
248.79336	34.0088
248.85297	34.00409
248.91258	33.99933
248.97219	33.99451
249.03181	33.98961
249.09142	33.98462
249.15103	33.97952
249.21064	33.9743
249.27025	33.96896
249.32987	33.96353
249.38948	33.95801
249.44909	33.95243
249.5087	33.94679
249.56831	33.94111
249.62793	33.93542
249.68754	33.92972
249.74715	33.92403
249.80676	33.91837
249.86637	33.91276
249.92599	33.9072
249.9856	33.90171
250.04521	33.89632
250.10482	33.89104
250.16443	33.88587
250.22404	33.88085
250.28366	33.87594
250.34327	33.87115
250.40288	33.86646
250.46249	33.86184
250.5221	33.8573
250.58172	33.8528
250.64133	33.84834
250.70094	33.8439
250.76055	33.83947
250.82016	33.83503
250.87978	33.83056
250.93939	33.82606
250.999	33.8215
251.05861	33.81687
251.11822	33.81216
251.17784	33.80735
251.23745	33.80244
251.29706	33.79742
251.35667	33.79232
251.41628	33.78714
251.4759	33.7819
251.53551	33.77661
251.59512	33.77128
251.65473	33.76592
251.71434	33.76054
251.77395	33.75516
251.83357	33.74979
251.89318	33.74443
251.95279	33.73911
252.0124	33.73383
252.07201	33.7286
252.13163	33.72344
252.19124	33.71836
252.25085	33.71335
252.31046	33.70842
252.37007	33.70355
252.42969	33.69873
252.4893	33.69396
252.54891	33.68923
252.60852	33.68453
252.66813	33.67986
252.72775	33.67521
252.78736	33.67056
252.84697	33.66592
252.90658	33.66128
252.96619	33.65662
253.02581	33.65195
253.08542	33.64725
253.14503	33.64251
253.20464	33.63773
253.26425	33.63291
253.32386	33.62805
253.38348	33.62316
253.44309	33.61823
253.5027	33.61327
253.56231	33.60828
253.62192	33.60327
253.68154	33.59824
253.74115	33.59318
253.80076	33.58811
253.86037	33.58303
253.91998	33.57794
253.9796	33.57284
254.03921	33.56773
254.09882	33.56263
254.15843	33.55752
254.21804	33.55242
254.27766	33.54732
254.33727	33.54224
254.39688	33.53716
254.45649	33.53209
254.5161	33.52704
254.57572	33.52201
254.63533	33.517
254.69494	33.51201
254.75455	33.50704
254.81416	33.5021
254.87377	33.49718
254.93339	33.4923
254.993	33.48745
255.05261	33.48263
255.11222	33.47785
255.17183	33.47311
255.23145	33.46841
255.29106	33.46374
255.35067	33.45909
255.41028	33.45447
255.46989	33.44986
255.52951	33.44525
255.58912	33.44065
255.64873	33.43604
255.70834	33.43141
255.76795	33.42677
255.82757	33.4221
255.88718	33.4174
255.94679	33.41267
256.0064	33.40788
256.06601	33.40305
256.12563	33.39815
256.18524	33.3932
256.24485	33.38818
256.30446	33.38311
256.36407	33.37799
256.42368	33.37284
256.4833	33.36765
256.54291	33.36245
256.60252	33.35723
256.66213	33.352
256.72174	33.34677
256.78136	33.34156
256.84097	33.33635
256.90058	33.33118
256.96019	33.32603
257.0198	33.32093
257.07942	33.31587
257.13903	33.31087
257.19864	33.30593
257.25825	33.30106
257.31786	33.29623
257.37748	33.29146
257.43709	33.28674
257.4967	33.28206
257.55631	33.27742
257.61592	33.27282
257.67554	33.26824
257.73515	33.2637
257.79476	33.25917
257.85437	33.25466
257.91398	33.25017
257.97359	33.24569
258.03321	33.24121
258.09282	33.23673
258.15243	33.23225
258.21204	33.22776
258.27165	33.22327
258.33127	33.21876
258.39088	33.21423
258.45049	33.20969
258.5101	33.20513
258.56971	33.20054
258.62933	33.19593
258.68894	33.1913
258.74855	33.18663
258.80816	33.18193
258.86777	33.1772
258.92739	33.17243
258.987	33.16762
259.04661	33.16276
259.10622	33.15786
259.16583	33.15292
259.22545	33.14793
259.28506	33.1429
259.34467	33.13784
259.40428	33.13276
259.46389	33.12767
259.5235	33.12257
259.58312	33.11747
259.64273	33.11238
259.70234	33.10731
259.76195	33.10227
259.82156	33.09725
259.88118	33.09228
259.94079	33.08735
260.0004	33.08248
260.06001	33.07768
260.11962	33.07295
260.17924	33.06829
260.23885	33.06371
260.29846	33.05919
260.35807	33.05473
260.41768	33.05032
260.4773	33.04595
260.53691	33.04161
260.59652	33.03729
260.65613	33.03298
260.71574	33.02868
260.77536	33.02437
260.83497	33.02005
260.89458	33.0157
260.95419	33.01132
261.0138	33.0069
261.07341	33.00244
261.13303	32.99791
261.19264	32.99332
261.25225	32.98866
261.31186	32.98395
261.37147	32.97919
261.43109	32.97439
261.4907	32.96954
261.55031	32.96467
261.60992	32.95977
261.66953	32.95486
261.72915	32.94993
261.78876	32.945
261.84837	32.94007
261.90798	32.93515
261.96759	32.93024
262.02721	32.92535
262.08682	32.92049
262.14643	32.91566
262.20604	32.91087
262.26565	32.90611
262.32527	32.90139
262.38488	32.8967
262.44449	32.89203
262.5041	32.88738
262.56371	32.88276
262.62332	32.87815
262.68294	32.87356
262.74255	32.86898
262.80216	32.86441
262.86177	32.85984
262.92138	32.85528
262.981	32.85072
263.04061	32.84616
263.10022	32.84159
263.15983	32.83701
263.21944	32.83243
263.27906	32.82783
263.33867	32.82323
263.39828	32.81862
263.45789	32.81401
263.5175	32.80938
263.57712	32.80475
263.63673	32.80011
263.69634	32.79547
263.75595	32.79082
263.81556	32.78616
263.87518	32.7815
263.93479	32.77683
263.9944	32.77216
264.05401	32.76749
264.11362	32.76281
264.17323	32.75813
264.23285	32.75344
264.29246	32.74876
264.35207	32.74407
264.41168	32.73939
264.47129	32.73471
264.53091	32.73003
264.59052	32.72536
264.65013	32.72069
264.70974	32.71604
264.76935	32.71139
264.82897	32.70674
264.88858	32.70212
264.94819	32.6975
265.0078	32.69289
265.06741	32.68831
265.12703	32.68373
265.18664	32.67917
265.24625	32.67463
265.30586	32.67011
265.36547	32.6656
265.42509	32.6611
265.4847	32.65662
265.54431	32.65215
265.60392	32.64769
265.66353	32.64325
265.72314	32.63882
265.78276	32.63439
265.84237	32.62998
265.90198	32.62558
265.96159	32.62119
266.0212	32.6168
266.08082	32.61242
266.14043	32.60805
266.20004	32.60369
266.25965	32.59932
266.31926	32.59496
266.37888	32.5906
266.43849	32.58623
266.4981	32.58186
266.55771	32.57747
266.61732	32.57307
266.67694	32.56866
266.73655	32.56423
266.79616	32.55978
266.85577	32.55531
266.91538	32.55081
266.97499	32.54629
267.03461	32.54173
267.09422	32.53715
267.15383	32.53252
267.21344	32.52787
267.27305	32.52318
267.33267	32.51848
267.39228	32.51375
267.45189	32.50902
267.5115	32.50428
267.57111	32.49953
267.63073	32.49479
267.69034	32.49006
267.74995	32.48535
267.80956	32.48065
267.86917	32.47598
267.92879	32.47134
267.9884	32.46673
268.04801	32.46217
268.10762	32.45765
268.16723	32.45318
268.22685	32.44876
268.28646	32.44438
268.34607	32.44004
268.40568	32.43573
268.46529	32.43145
268.5249	32.42719
268.58452	32.42295
268.64413	32.41873
268.70374	32.41452
268.76335	32.41032
268.82296	32.40611
268.88258	32.40191
268.94219	32.3977
269.0018	32.39347
269.06141	32.38923
269.12102	32.38497
269.18064	32.38069
269.24025	32.37639
269.29986	32.37206
269.35947	32.36772
269.41908	32.36336
269.4787	32.35898
269.53831	32.35459
269.59792	32.35018
269.65753	32.34576
269.71714	32.34133
269.77676	32.33689
269.83637	32.33243
269.89598	32.32798
269.95559	32.32351
270.0152	32.31904
270.07481	32.31457
270.13443	32.31009
270.19404	32.30561
270.25365	32.30113
270.31326	32.29665
270.37287	32.29217
270.43249	32.28768
270.4921	32.2832
270.55171	32.27872
270.61132	32.27423
270.67093	32.26975
270.73055	32.26526
270.79016	32.26078
270.84977	32.25629
270.90938	32.25181
270.96899	32.24733
271.02861	32.24284
271.08822	32.23836
271.14783	32.23388
271.20744	32.22941
271.26705	32.22493
271.32667	32.22046
271.38628	32.21599
271.44589	32.21153
271.5055	32.20707
271.56511	32.20262
271.62472	32.19817
271.68434	32.19373
271.74395	32.18929
271.80356	32.18486
271.86317	32.18044
271.92278	32.17603
271.9824	32.17163
272.04201	32.16723
272.10162	32.16285
272.16123	32.15847
272.22084	32.15411
272.28046	32.14976
272.34007	32.14542
272.39968	32.14109
272.45929	32.13678
272.5189	32.13248
272.57852	32.1282
272.63813	32.12393
272.69774	32.11967
272.75735	32.11543
272.81696	32.11121
272.87658	32.107
272.93619	32.10282
272.9958	32.09865
273.05541	32.0945
273.11502	32.09037
273.17463	32.08625
273.23425	32.08216
273.29386	32.07807
273.35347	32.07399
273.41308	32.06991
273.47269	32.06584
273.53231	32.06175
273.59192	32.05766
273.65153	32.05355
273.71114	32.04943
273.77075	32.04529
273.83037	32.04112
273.88998	32.03692
273.94959	32.03269
274.0092	32.02842
274.06881	32.02412
274.12843	32.01976
274.18804	32.01537
274.24765	32.01094
274.30726	32.00648
274.36687	32.00199
274.42649	31.99749
274.4861	31.99298
274.54571	31.98846
274.60532	31.98395
274.66493	31.97944
274.72454	31.97495
274.78416	31.97047
274.84377	31.96602
274.90338	31.96161
274.96299	31.95723
275.0226	31.9529
275.08222	31.94862
275.14183	31.94439
275.20144	31.94022
275.26105	31.93609
275.32066	31.93199
275.38028	31.92793
275.43989	31.92389
275.4995	31.91986
275.55911	31.91583
275.61872	31.91181
275.67834	31.90778
275.73795	31.90373
275.79756	31.89966
275.85717	31.89557
275.91678	31.89143
275.9764	31.88725
276.03601	31.88302
276.09562	31.87873
276.15523	31.87438
276.21484	31.86997
276.27445	31.86552
276.33407	31.86103
276.39368	31.85651
276.45329	31.85197
276.5129	31.84742
276.57251	31.84287
276.63213	31.83832
276.69174	31.83378
276.75135	31.82927
276.81096	31.82479
276.87057	31.82034
276.93019	31.81595
276.9898	31.81161
277.04941	31.80733
277.10902	31.80313
277.16863	31.799
277.22825	31.79493
277.28786	31.79092
277.34747	31.78697
277.40708	31.78305
277.46669	31.77917
277.52631	31.77532
277.58592	31.77149
277.64553	31.76767
277.70514	31.76386
277.76475	31.76004
277.82436	31.75621
277.88398	31.75237
277.94359	31.74849
278.0032	31.74459
278.06281	31.74064
278.12242	31.73665
278.18204	31.73261
278.24165	31.72852
278.30126	31.72438
278.36087	31.7202
278.42048	31.71599
278.4801	31.71173
278.53971	31.70744
278.59932	31.70312
278.65893	31.69876
278.71854	31.69437
278.77816	31.68996
278.83777	31.68552
278.89738	31.68106
278.95699	31.67658
279.0166	31.67208
279.07622	31.66756
279.13583	31.66303
279.19544	31.6585
279.25505	31.65395
279.31466	31.64941
279.37427	31.64487
279.43389	31.64034
279.4935	31.63582
279.55311	31.63133
279.61272	31.62685
279.67233	31.62241
279.73195	31.61799
279.79156	31.61362
279.85117	31.60928
279.91078	31.605
279.97039	31.60076
280.03001	31.59658
280.08962	31.59246
280.14923	31.5884
280.20884	31.58439
280.26845	31.58043
280.32807	31.57651
280.38768	31.57262
280.44729	31.56876
280.5069	31.5649
280.56651	31.56106
280.62613	31.55722
280.68574	31.55337
280.74535	31.5495
280.80496	31.54561
280.86457	31.5417
280.92418	31.53774
280.9838	31.53374
281.04341	31.52968
281.10302	31.52557
281.16263	31.5214
281.22224	31.51717
281.28186	31.5129
281.34147	31.50859
281.40108	31.50426
281.46069	31.4999
281.5203	31.49553
281.57992	31.49115
281.63953	31.48678
281.69914	31.48241
281.75875	31.47806
281.81836	31.47373
281.87798	31.46943
281.93759	31.46517
281.9972	31.46096
282.05681	31.45681
282.11642	31.45271
282.17604	31.44867
282.23565	31.44467
282.29526	31.44073
282.35487	31.43682
282.41448	31.43294
282.47409	31.42909
282.53371	31.42526
282.59332	31.42144
282.65293	31.41763
282.71254	31.41382
282.77215	31.41001
282.83177	31.40619
282.89138	31.40235
282.95099	31.39848
283.0106	31.39459
283.07021	31.39066
283.12983	31.3867
283.18944	31.3827
283.24905	31.37866
283.30866	31.37459
283.36827	31.3705
283.42789	31.36638
283.4875	31.36225
283.54711	31.35809
283.60672	31.35393
283.66633	31.34975
283.72595	31.34557
283.78556	31.34138
283.84517	31.33719
283.90478	31.33301
283.96439	31.32883
284.024	31.32467
284.08362	31.32051
284.14323	31.31638
284.20284	31.31225
284.26245	31.30814
284.32206	31.30405
284.38168	31.29996
284.44129	31.29589
284.5009	31.29182
284.56051	31.28777
284.62012	31.28372
284.67974	31.27969
284.73935	31.27566
284.79896	31.27164
284.85857	31.26762
284.91818	31.26361
284.9778	31.2596
285.03741	31.2556
285.09702	31.2516
285.15663	31.2476
285.21624	31.24361
285.27586	31.23962
285.33547	31.23563
285.39508	31.23165
285.45469	31.22768
285.5143	31.22371
285.57391	31.21974
285.63353	31.21579
285.69314	31.21184
285.75275	31.2079
285.81236	31.20397
285.87197	31.20005
285.93159	31.19613
285.9912	31.19223
286.05081	31.18834
286.11042	31.18446
286.17003	31.18058
286.22965	31.17672
286.28926	31.17285
286.34887	31.16899
286.40848	31.16513
286.46809	31.16126
286.52771	31.15739
286.58732	31.15351
286.64693	31.14961
286.70654	31.14571
286.76615	31.14179
286.82577	31.13785
286.88538	31.13389
286.94499	31.1299
287.0046	31.1259
287.06421	31.12186
287.12382	31.11779
287.18344	31.11371
287.24305	31.1096
287.30266	31.10547
287.36227	31.10134
287.42188	31.0972
287.4815	31.09307
287.54111	31.08893
287.60072	31.08481
287.66033	31.0807
287.71994	31.07661
287.77956	31.07254
287.83917	31.0685
287.89878	31.06449
287.95839	31.06053
288.018	31.0566
288.07762	31.05272
288.13723	31.04889
288.19684	31.0451
288.25645	31.04134
288.31606	31.03761
288.37568	31.0339
288.43529	31.0302
288.4949	31.02651
288.55451	31.02282
288.61412	31.01912
288.67373	31.0154
288.73335	31.01167
288.79296	31.0079
288.85257	31.0041
288.91218	31.00025
288.97179	30.99636
289.03141	30.99241
289.09102	30.9884
289.15063	30.98432
289.21024	30.98021
289.26985	30.97605
289.32947	30.97186
289.38908	30.96765
289.44869	30.96342
289.5083	30.9592
289.56791	30.95498
289.62753	30.95077
289.68714	30.94659
289.74675	30.94244
289.80636	30.93834
289.86597	30.93428
289.92559	30.93029
289.9852	30.92637
290.04481	30.92252
290.10442	30.91876
290.16403	30.91508
290.22364	30.91146
290.28326	30.90789
290.34287	30.90437
290.40248	30.90089
290.46209	30.89743
290.5217	30.89399
290.58132	30.89055
290.64093	30.88711
290.70054	30.88366
290.76015	30.88018
290.81976	30.87667
290.87938	30.87312
290.93899	30.86951
290.9986	30.86584
291.05821	30.8621
291.11782	30.85828
291.17744	30.85439
291.23705	30.85043
291.29666	30.84642
291.35627	30.84236
291.41588	30.83826
291.4755	30.83412
291.53511	30.82995
291.59472	30.82575
291.65433	30.82154
291.71394	30.81732
291.77355	30.81309
291.83317	30.80887
291.89278	30.80465
291.95239	30.80046
292.012	30.79628
292.07161	30.79214
292.13123	30.78802
292.19084	30.78394
292.25045	30.77989
292.31006	30.77587
292.36967	30.77188
292.42929	30.76791
292.4889	30.76398
292.54851	30.76008
292.60812	30.7562
292.66773	30.75235
292.72735	30.74854
292.78696	30.74474
292.84657	30.74098
292.90618	30.73724
292.96579	30.73353
293.02541	30.72984
293.08502	30.72618
293.14463	30.72254
293.20424	30.71892
293.26385	30.71532
293.32346	30.71173
293.38308	30.70815
293.44269	30.70458
293.5023	30.70101
293.56191	30.69745
293.62152	30.69388
293.68114	30.6903
293.74075	30.68671
293.80036	30.68312
293.85997	30.6795
293.91958	30.67587
293.9792	30.67222
294.03881	30.66854
294.09842	30.66484
294.15803	30.66111
294.21764	30.65735
294.27726	30.65357
294.33687	30.64977
294.39648	30.64594
294.45609	30.64208
294.5157	30.63821
294.57532	30.63431
294.63493	30.63039
294.69454	30.62644
294.75415	30.62248
294.81376	30.6185
294.87337	30.61449
294.93299	30.61047
294.9926	30.60643
295.05221	30.60236
295.11182	30.59829
295.17143	30.5942
295.23105	30.59011
295.29066	30.58603
295.35027	30.58195
295.40988	30.57788
295.46949	30.57384
295.52911	30.56982
295.58872	30.56583
295.64833	30.56189
295.70794	30.55798
295.76755	30.55413
295.82717	30.55033
295.88678	30.54659
295.94639	30.54292
296.006	30.53933
296.06561	30.53581
296.12523	30.53237
296.18484	30.52899
296.24445	30.52566
296.30406	30.52237
296.36367	30.51911
296.42328	30.51588
296.4829	30.51265
296.54251	30.50943
296.60212	30.50619
296.66173	30.50294
296.72134	30.49966
296.78096	30.49633
296.84057	30.49296
296.90018	30.48952
296.95979	30.48602
297.0194	30.48243
297.07902	30.47875
297.13863	30.47499
297.19824	30.47115
297.25785	30.46725
297.31746	30.46329
297.37708	30.45929
297.43669	30.45525
297.4963	30.45118
297.55591	30.4471
297.61552	30.443
297.67514	30.43891
297.73475	30.43484
297.79436	30.43078
297.85397	30.42675
297.91358	30.42277
297.97319	30.41883
298.03281	30.41496
298.09242	30.41114
298.15203	30.40739
298.21164	30.40368
298.27125	30.40002
298.33087	30.39641
298.39048	30.39282
298.45009	30.38927
298.5097	30.38574
298.56931	30.38222
298.62893	30.37872
298.68854	30.37522
298.74815	30.37173
298.80776	30.36823
298.86737	30.36471
298.92699	30.36118
298.9866	30.35763
299.04621	30.35405
299.10582	30.35044
299.16543	30.3468
299.22505	30.34314
299.28466	30.33946
299.34427	30.33575
299.40388	30.33203
299.46349	30.32828
299.5231	30.32453
299.58272	30.32075
299.64233	30.31697
299.70194	30.31317
299.76155	30.30937
299.82116	30.30556
299.88078	30.30174
299.94039	30.29792
300	30.2941
