[Header]
; Displex Transport Data File (default extension .dat)
; Copyright 2016, Hechang LEI, hlei@ruc.edu.cn. All rights reserved.
BYAPP, Displex, 2.0
INFO, 9T mag, Release 2.0.
INFO, Channel 1, Temperature Sensor
INFO, Sample 1 Length (cm): 0.000000; Width (cm): 0.000000; Thickness (cm): 0.000000. 

[Data]
Timestamp(s),Field(Oe),Field Status,TempA(K),TempB(K),TempC(K),TempD(K),Ramp1,Ramp2,Setpoint1,Setpoint2,Output1(%),Output2(%),Temp Status
3751948075.451000,,,2.166,2.001,35.160,3.039,0,0,2.000,2.000,0.000,0.020,1
3751948105.451000,,,2.177,2.000,35.159,3.039,0,0,2.000,2.000,0.010,0.020,1
3751948135.451000,,,2.153,2.000,35.159,3.039,0,0,2.000,2.000,0.000,0.020,1
3751948165.451000,,,2.170,1.999,35.158,3.039,0,0,2.000,2.000,0.000,0.020,1
3751948195.451000,,,2.175,2.000,35.157,3.039,0,0,2.000,2.000,0.160,0.020,1
3751948253.358000,,,2.163,2.000,35.156,3.038,0,0,2.000,2.000,0.000,0.020,1
3751948287.891000,,,2.179,2.000,35.157,3.038,0,0,2.000,2.000,0.180,0.020,1
3751948317.891000,,,2.173,2.000,35.157,3.038,0,0,2.000,2.000,0.180,0.020,1
3751948323.637000,,,2.155,2.000,35.157,3.038,0,0,2.000,2.000,0.000,0.020,1
3751948353.637000,,,2.177,2.001,35.157,3.038,0,0,2.000,2.000,0.000,0.020,1
3751948383.637000,,,2.170,2.001,35.156,3.038,0,0,2.000,2.000,0.180,0.020,1
3751948413.637000,,,2.155,2.001,35.156,3.038,0,0,2.000,2.000,0.090,0.020,1
3751948443.637000,,,2.180,2.000,35.156,3.037,0,0,2.000,2.000,0.000,0.020,1
3751948473.637000,,,2.168,2.000,35.156,3.038,0,0,2.000,2.000,0.060,0.020,1
3751948503.637000,,,2.155,2.000,35.157,3.037,0,0,2.000,2.000,0.000,0.020,1
3751948584.583000,,,2.177,2.000,35.159,3.036,0,0,2.000,2.000,0.020,0.020,1
3751948614.583000,,,2.180,2.001,35.159,3.036,0,0,2.000,2.000,0.000,0.020,1
3751948644.583000,,,2.154,2.000,35.161,3.035,0,0,2.000,2.000,0.000,0.020,1
3751948741.228000,,,2.156,2.000,35.161,3.035,0,0,2.000,2.000,0.000,0.020,1
3751948771.228000,,,2.178,2.000,35.161,3.035,0,0,2.000,2.000,0.000,0.020,1
3751948783.425000,,,2.177,2.001,35.162,3.035,0,0,2.000,2.000,0.180,0.020,1
3751948813.425000,,,2.162,2.001,35.162,3.035,0,0,2.000,2.000,0.180,0.020,1
3751948920.211000,,,2.180,1.999,35.163,3.035,0,0,2.000,2.000,0.030,0.020,1
3751948950.211000,,,2.170,2.000,35.163,3.035,0,0,2.000,2.000,0.120,0.020,1
3751948980.211000,,,2.159,2.000,35.162,3.035,0,0,2.000,2.000,0.000,0.020,1
3751949010.211000,,,2.178,2.000,35.162,3.035,0,0,2.000,2.000,0.140,0.020,1
3751949032.091000,,,2.165,2.000,35.162,3.036,0,0,2.000,2.000,0.080,0.020,1
3751949062.091000,,,2.173,2.000,35.162,3.035,0,0,2.000,2.000,0.000,0.020,1
3751949092.091000,,,2.177,2.000,35.161,3.036,0,0,2.000,2.000,0.150,0.020,1
3751949122.091000,,,2.172,2.000,35.161,3.036,0,0,2.000,2.000,0.020,0.020,1
3751949152.091000,,,2.153,2.000,35.161,3.035,0,0,2.000,2.000,0.000,0.020,1
3751949182.091000,,,2.179,2.000,35.161,3.035,0,0,2.000,2.000,0.000,0.020,1
3751949212.091000,,,2.170,2.000,35.160,3.036,0,0,2.000,2.000,0.160,0.020,1
3751949228.632000,,,2.154,2.000,35.160,3.036,0,0,2.000,2.000,0.000,0.020,1
3751949291.387000,,,2.154,2.000,35.159,3.036,0,0,2.000,2.000,0.000,0.020,1
3751949321.387000,,,2.172,2.000,35.159,3.036,0,0,2.000,2.000,0.170,0.020,1
3751949351.387000,,,2.166,2.000,35.159,3.035,0,0,2.000,2.000,0.000,0.020,1
3751949381.387000,,,2.153,2.000,35.158,3.036,0,0,2.000,2.000,0.000,0.020,1
3751949448.842000,,,2.162,2.000,35.157,3.036,0,0,2.000,2.000,0.000,0.020,1
3751949485.108000,,,2.166,1.999,35.157,3.036,0,0,2.000,2.000,0.000,0.020,1
3751949498.817000,,,2.179,2.000,35.157,3.035,0,0,2.000,2.000,0.110,0.020,1
3751949514.766000,,,2.170,2.000,35.157,3.036,0,0,2.000,2.000,0.000,0.020,1
3751949544.766000,,,2.178,2.000,35.156,3.037,0,0,2.000,2.000,0.070,0.020,1
3751949565.961000,,,2.175,2.001,35.156,3.037,0,0,2.000,2.000,0.180,0.020,1
3751949595.961000,,,2.156,2.000,35.156,3.037,0,0,2.000,2.000,0.000,0.020,1
3751949625.961000,,,2.171,2.000,35.156,3.037,0,0,2.000,2.000,0.020,0.020,1
3751949655.961000,,,2.170,2.000,35.156,3.037,0,0,2.000,2.000,0.000,0.020,1
3751949685.961000,,,2.151,2.000,35.156,3.037,0,0,2.000,2.000,0.000,0.020,1
3751949715.961000,,,2.171,2.000,35.155,3.037,0,0,2.000,2.000,0.020,0.020,1
3751949745.961000,,,2.175,2.000,35.155,3.036,0,0,2.000,2.000,0.000,0.020,1
3751949775.961000,,,2.153,1.999,35.156,3.037,0,0,2.000,2.000,0.000,0.020,1
3751949805.961000,,,2.169,1.999,35.157,3.036,0,0,2.000,2.000,0.110,0.020,1
3751949835.961000,,,2.176,2.000,35.158,3.037,0,0,2.000,2.000,0.000,0.020,1
3751949865.961000,,,2.153,2.001,35.158,3.037,0,0,2.000,2.000,0.000,0.020,1
3751949895.961000,,,2.176,2.000,35.159,3.036,0,0,2.000,2.000,0.000,0.020,1
3751949925.961000,,,2.171,2.000,35.160,3.037,0,0,2.000,2.000,0.140,0.020,1
3751949955.961000,,,2.158,2.001,35.161,3.036,0,0,2.000,2.000,0.000,0.020,1
3751949985.961000,,,2.178,2.000,35.161,3.036,0,0,2.000,2.000,0.000,0.020,1
3751950015.961000,,,2.157,2.001,35.162,3.036,0,0,2.000,2.000,0.030,0.020,1
3751950045.961000,,,2.165,2.000,35.162,3.037,0,0,2.000,2.000,0.000,0.020,1
3751950075.961000,,,2.178,2.000,35.162,3.036,0,0,2.000,2.000,0.090,0.020,1
3751950105.961000,,,2.158,2.001,35.162,3.037,0,0,2.000,2.000,0.000,0.020,1
3751950135.961000,,,2.163,1.999,35.163,3.037,0,0,2.000,2.000,0.160,0.020,1
3751950165.961000,,,2.172,2.000,35.163,3.038,0,0,2.000,2.000,0.150,0.020,1
3751950195.961000,,,2.155,2.000,35.164,3.037,0,0,2.000,2.000,0.000,0.020,1
3751950225.961000,,,2.170,1.999,35.164,3.037,0,0,2.000,2.000,0.170,0.020,1
3751950255.961000,,,2.171,2.000,35.165,3.037,0,0,2.000,2.000,0.000,0.020,1
3751950285.961000,,,2.152,2.000,35.165,3.037,0,0,2.000,2.000,0.020,0.020,1
3751950315.961000,,,2.180,1.999,35.166,3.037,0,0,2.000,2.000,0.160,0.020,1
3751950345.961000,,,2.161,2.001,35.166,3.036,0,0,2.000,2.000,0.000,0.020,1
3751950375.961000,,,2.166,2.001,35.166,3.035,0,0,2.000,2.000,0.000,0.020,1
3751950405.961000,,,2.180,2.000,35.166,3.035,0,0,2.000,2.000,0.000,0.020,1
3751950435.961000,,,2.161,2.000,35.166,3.035,0,0,2.000,2.000,0.000,0.020,1
3751950465.961000,,,2.156,2.000,35.166,3.035,0,0,2.000,2.000,0.160,0.020,1
3751950495.961000,,,2.179,2.000,35.166,3.034,0,0,2.000,2.000,0.150,0.020,1
3751950525.961000,,,2.160,2.001,35.165,3.033,0,0,2.000,2.000,0.000,0.020,1
3751950555.961000,,,2.164,1.999,35.165,3.033,0,0,2.000,2.000,0.000,0.020,1
3751950616.472000,,,2.175,2.000,35.164,3.034,0,0,2.000,2.000,0.040,0.020,1
3751950646.472000,,,2.170,2.000,35.164,3.033,0,0,2.000,2.000,0.160,0.020,1
3751950676.472000,,,2.156,2.000,35.163,3.035,0,0,2.000,2.000,0.000,0.020,1
3751950706.472000,,,2.177,2.000,35.162,3.034,0,0,2.000,2.000,0.000,0.020,1
3751950736.472000,,,2.157,2.000,35.162,3.035,0,0,2.000,2.000,0.060,0.030,1
3751950766.472000,,,2.177,2.000,35.162,3.034,0,0,2.000,2.000,0.000,0.020,1
3751950796.472000,,,2.174,2.000,35.162,3.034,0,0,2.000,2.000,0.190,0.020,1
3751950826.472000,,,2.156,2.000,35.162,3.035,0,0,2.000,2.000,0.090,0.030,1
3751950856.472000,,,2.179,2.001,35.162,3.035,0,0,2.000,2.000,0.000,0.020,1
3751950886.472000,,,2.176,2.001,35.161,3.036,0,0,2.000,2.000,0.150,0.020,1
3751950916.472000,,,2.155,2.000,35.162,3.037,0,0,2.000,2.000,0.130,0.020,1
3751950946.472000,,,2.175,1.999,35.162,3.036,0,0,2.000,2.000,0.000,0.020,1
3751950976.472000,,,2.153,2.000,35.163,3.037,0,0,2.000,2.000,0.010,0.020,1
3751951006.472000,,,2.164,2.000,35.163,3.036,0,0,2.000,2.000,0.000,0.020,1
3751951036.472000,,,2.172,2.000,35.163,3.037,0,0,2.000,2.000,0.000,0.020,1
3751951066.472000,,,2.153,2.000,35.163,3.037,0,0,2.000,2.000,0.080,0.020,1
3751951096.472000,,,2.165,1.999,35.162,3.037,0,0,2.000,2.000,0.000,0.020,1
3751951126.472000,,,2.169,2.000,35.162,3.038,0,0,2.000,2.000,0.190,0.020,1
3751951156.472000,,,2.165,2.000,35.162,3.038,0,0,2.000,2.000,0.000,0.020,1
3751951186.472000,,,2.179,2.000,35.163,3.039,0,0,2.000,2.000,0.160,0.020,1
3751951216.472000,,,2.155,1.999,35.164,3.038,0,0,2.000,2.000,0.000,0.020,1
3751951246.472000,,,2.167,2.000,35.164,3.038,0,0,2.000,2.000,0.000,0.020,1
3751951276.472000,,,2.176,1.998,35.164,3.038,0,0,2.000,2.000,0.000,0.020,1
3751951306.472000,,,2.154,2.000,35.165,3.039,0,0,2.000,2.000,0.030,0.020,1
3751951336.472000,,,2.178,2.000,35.165,3.039,0,0,2.000,2.000,0.000,0.020,1
3751951366.472000,,,2.172,2.000,35.165,3.039,0,0,2.000,2.000,0.170,0.020,1
3751951396.472000,,,2.155,2.000,35.166,3.039,0,0,2.000,2.000,0.000,0.020,1
3751951426.472000,,,2.180,2.000,35.167,3.039,0,0,2.000,2.000,0.190,0.020,1
3751951456.472000,,,2.166,2.000,35.167,3.039,0,0,2.000,2.000,0.180,0.020,1
3751951486.472000,,,2.156,2.000,35.168,3.039,0,0,2.000,2.000,0.000,0.020,1
3751951516.472000,,,2.179,2.000,35.168,3.040,0,0,2.000,2.000,0.000,0.020,1
3751951546.472000,,,2.161,2.000,35.169,3.039,0,0,2.000,2.000,0.000,0.020,1
3751951576.472000,,,2.154,2.000,35.170,3.039,0,0,2.000,2.000,0.000,0.020,1
3751951606.472000,,,2.180,2.001,35.171,3.040,0,0,2.000,2.000,0.120,0.020,1
3751951636.472000,,,2.157,2.001,35.172,3.040,0,0,2.000,2.000,0.000,0.020,1
3751951666.472000,,,2.164,2.000,35.172,3.040,0,0,2.000,2.000,0.160,0.020,1
3751951696.472000,,,2.182,2.001,35.172,3.040,0,0,2.000,2.000,0.010,0.020,1
3751951726.472000,,,2.161,2.000,35.172,3.041,0,0,2.000,2.000,0.130,0.020,1
3751951756.472000,,,2.162,1.999,35.171,3.040,0,0,2.000,2.000,0.180,0.020,1
3751951786.472000,,,2.176,2.000,35.171,3.040,0,0,2.000,2.000,0.180,0.020,1
3751951816.472000,,,2.170,2.000,35.171,3.039,0,0,2.000,2.000,0.170,0.020,1
3751951846.472000,,,2.160,2.000,35.170,3.040,0,0,2.000,2.000,0.000,0.020,1
3751951876.472000,,,2.162,2.000,35.170,3.040,0,0,2.000,2.000,0.000,0.020,1
3751951906.472000,,,2.153,2.000,35.169,3.040,0,0,2.000,2.000,0.000,0.020,1
3751951936.472000,,,2.175,1.999,35.169,3.040,0,0,2.000,2.000,0.000,0.020,1
3751951966.472000,,,2.176,2.001,35.169,3.040,0,0,2.000,2.000,0.190,0.020,1
3751951996.472000,,,2.153,2.000,35.169,3.040,0,0,2.000,2.000,0.000,0.020,1
3751952026.472000,,,2.178,2.000,35.170,3.039,0,0,2.000,2.000,0.170,0.020,1
3751952056.472000,,,2.175,2.000,35.171,3.038,0,0,2.000,2.000,0.170,0.020,1
3751952086.472000,,,2.157,2.001,35.171,3.039,0,0,2.000,2.000,0.000,0.020,1
3751952116.472000,,,2.176,2.000,35.170,3.038,0,0,2.000,2.000,0.130,0.020,1
3751952146.472000,,,2.180,1.999,35.171,3.038,0,0,2.000,2.000,0.140,0.020,1
3751952176.472000,,,2.156,2.000,35.171,3.039,0,0,2.000,2.000,0.000,0.020,1
3751952226.111000,,,2.154,2.000,35.172,3.038,0,0,2.000,2.000,0.000,0.020,1
3751952256.111000,,,2.154,2.000,35.172,3.038,0,0,2.000,2.000,0.000,0.020,1
3751952286.111000,,,2.169,1.999,35.173,3.038,0,0,2.000,2.000,0.000,0.020,1
3751952316.111000,,,2.152,2.000,35.173,3.038,0,0,2.000,2.000,0.000,0.020,1
3751952346.111000,,,2.177,1.999,35.173,3.038,0,0,2.000,2.000,0.130,0.020,1
3751952376.111000,,,2.174,2.000,35.173,3.037,0,0,2.000,2.000,0.180,0.020,1
3751952406.111000,,,2.158,2.000,35.174,3.037,0,0,2.000,2.000,0.000,0.020,1
3751952436.111000,,,2.174,2.000,35.174,3.037,0,0,2.000,2.000,0.000,0.020,1
3751952466.111000,,,2.157,2.001,35.175,3.037,0,0,2.000,2.000,0.000,0.020,1
3751952496.111000,,,2.156,2.000,35.175,3.036,0,0,2.000,2.000,0.000,0.020,1
3751952526.111000,,,2.181,2.001,35.176,3.036,0,0,2.000,2.000,0.000,0.020,1
3751952556.111000,,,2.161,1.999,35.177,3.037,0,0,2.000,2.000,0.150,0.020,1
3751952586.111000,,,2.163,2.000,35.178,3.036,0,0,2.000,2.000,0.130,0.020,1
3751952616.111000,,,2.179,2.000,35.178,3.036,0,0,2.000,2.000,0.120,0.020,1
3751952646.111000,,,2.156,2.000,35.179,3.037,0,0,2.000,2.000,0.000,0.020,1
3751952676.111000,,,2.153,2.001,35.179,3.036,0,0,2.000,2.000,0.000,0.020,1
3751952706.111000,,,2.170,2.000,35.180,3.036,0,0,2.000,2.000,0.000,0.020,1
3751952736.111000,,,2.171,2.001,35.180,3.036,0,0,2.000,2.000,0.130,0.020,1
3751952766.111000,,,2.171,2.000,35.181,3.036,0,0,2.000,2.000,0.000,0.020,1
3751952796.111000,,,2.176,2.000,35.181,3.036,0,0,2.000,2.000,0.150,0.020,1
3751952826.111000,,,2.153,2.000,35.181,3.036,0,0,2.000,2.000,0.000,0.020,1
3751952856.111000,,,2.162,2.000,35.181,3.036,0,0,2.000,2.000,0.000,0.030,1
3751952886.111000,,,2.170,2.000,35.180,3.036,0,0,2.000,2.000,0.000,0.020,1
3751952916.111000,,,2.155,2.000,35.180,3.037,0,0,2.000,2.000,0.010,0.020,1
3751952946.111000,,,2.177,2.001,35.179,3.037,0,0,2.000,2.000,0.190,0.020,1
3751952976.111000,,,2.178,2.000,35.178,3.037,0,0,2.000,2.000,0.150,0.020,1
3751953006.111000,,,2.154,2.000,35.178,3.037,0,0,2.000,2.000,0.060,0.020,1
3751953036.111000,,,2.171,2.000,35.177,3.037,0,0,2.000,2.000,0.000,0.020,1
3751953066.111000,,,2.170,2.000,35.177,3.037,0,0,2.000,2.000,0.000,0.020,1
3751953096.111000,,,2.155,2.000,35.176,3.037,0,0,2.000,2.000,0.000,0.020,1
3751953126.111000,,,2.177,2.000,35.176,3.037,0,0,2.000,2.000,0.140,0.020,1
3751953156.111000,,,2.165,1.999,35.175,3.037,0,0,2.000,2.000,0.020,0.020,1
3751953186.111000,,,2.166,1.999,35.176,3.038,0,0,2.000,2.000,0.020,0.020,1
3751953216.111000,,,2.178,2.000,35.175,3.037,0,0,2.000,2.000,0.180,0.020,1
3751953246.111000,,,2.153,2.000,35.175,3.037,0,0,2.000,2.000,0.000,0.020,1
3751953276.111000,,,2.169,1.999,35.176,3.038,0,0,2.000,2.000,0.000,0.020,1
3751953306.111000,,,2.163,2.001,35.177,3.040,0,0,2.000,2.000,0.000,0.020,1
3751953336.111000,,,2.153,2.000,35.177,3.040,0,0,2.000,2.000,0.000,0.020,1
3751953366.111000,,,2.176,2.000,35.178,3.040,0,0,2.000,2.000,0.170,0.020,1
3751953396.111000,,,2.172,2.000,35.178,3.040,0,0,2.000,2.000,0.140,0.020,1
3751953426.111000,,,2.158,2.001,35.179,3.040,0,0,2.000,2.000,0.090,0.020,1
3751953456.111000,,,2.181,2.000,35.178,3.037,0,0,2.000,2.000,0.000,0.020,1
3751953486.111000,,,2.152,2.001,35.178,3.037,0,0,2.000,2.000,0.000,0.020,1
3751953516.111000,,,2.163,2.001,35.204,3.055,0,0,2.000,2.000,0.000,0.010,1
3751953546.111000,,,2.176,2.000,35.180,3.038,0,0,2.000,2.000,0.000,0.020,1
3751953576.111000,,,2.153,2.000,35.180,3.037,0,0,2.000,2.000,0.000,0.020,1
3751953606.111000,,,2.179,2.000,35.182,3.039,0,0,2.000,2.000,0.000,0.020,1
3751953636.111000,,,2.163,2.001,35.182,3.039,0,0,2.000,2.000,0.190,0.020,1
3751953666.111000,,,2.155,2.000,35.182,3.037,0,0,2.000,2.000,0.000,0.020,1
3751953696.111000,,,2.175,2.000,35.186,3.043,0,0,2.000,2.000,0.000,0.020,1
3751953726.111000,,,2.159,2.000,35.182,3.037,0,0,2.000,2.000,0.000,0.020,1
3751953756.111000,,,2.152,2.000,35.182,3.037,0,0,2.000,2.000,0.000,0.020,1
3751953786.111000,,,2.179,2.001,35.182,3.038,0,0,2.000,2.000,0.000,0.020,1
3751953816.111000,,,2.159,2.001,35.182,3.037,0,0,2.000,2.000,0.180,0.020,1
3751953846.111000,,,2.163,2.000,35.182,3.038,0,0,2.000,2.000,0.000,0.020,1
3751953876.111000,,,2.177,2.000,35.181,3.038,0,0,2.000,2.000,0.090,0.020,1
3751953906.111000,,,2.152,2.000,35.180,3.038,0,0,2.000,2.000,0.000,0.020,1
3751953936.111000,,,2.179,2.000,35.181,3.038,0,0,2.000,2.000,0.020,0.020,1
3751953966.111000,,,2.160,2.001,35.181,3.040,0,0,2.000,2.000,0.000,0.020,1
3751953996.111000,,,2.163,2.000,35.181,3.040,0,0,2.000,2.000,0.000,0.020,1
3751954026.111000,,,2.178,2.000,35.182,3.040,0,0,2.000,2.000,0.090,0.020,1
3751954056.111000,,,2.153,2.000,35.182,3.039,0,0,2.000,2.000,0.000,0.020,1
3751954086.111000,,,2.177,2.000,35.182,3.039,0,0,2.000,2.000,0.000,0.020,1
3751954116.111000,,,2.148,2.000,35.187,3.028,0,0,2.000,2.000,0.030,0.020,1
3751954146.111000,,,2.162,2.000,35.184,3.036,0,0,2.000,2.000,0.000,0.020,1
3751954176.111000,,,2.177,2.000,35.180,3.037,0,0,2.000,2.000,0.180,0.020,1
3751954206.111000,,,2.154,2.000,35.179,3.037,0,0,2.000,2.000,0.000,0.020,1
3751954236.111000,,,2.179,2.000,35.180,3.036,0,0,2.000,2.000,0.190,0.020,1
3751954266.111000,,,2.161,2.001,35.179,3.036,0,0,2.000,2.000,0.170,0.020,1
3751954296.111000,,,2.173,2.000,35.178,3.037,0,0,2.000,2.000,0.100,0.020,1
3751954326.111000,,,2.172,2.000,35.178,3.035,0,0,2.000,2.000,0.190,0.020,1
3751954356.111000,,,2.152,2.000,35.177,3.036,0,0,2.000,2.000,0.000,0.020,1
3751954386.111000,,,2.175,2.000,35.177,3.036,0,0,2.000,2.000,0.060,0.020,1
3751954416.111000,,,2.166,2.000,35.175,3.036,0,0,2.000,2.000,0.000,0.020,1
3751954446.111000,,,2.154,2.000,35.174,3.036,0,0,2.000,2.000,0.000,0.020,1
3751954476.111000,,,2.179,2.000,35.173,3.036,0,0,2.000,2.000,0.000,0.020,1
3751954506.111000,,,2.156,2.000,35.172,3.037,0,0,2.000,2.000,0.000,0.020,1
3751954536.111000,,,2.173,2.000,35.173,3.037,0,0,2.000,2.000,0.140,0.020,1
3751954566.111000,,,2.173,1.999,35.172,3.038,0,0,2.000,2.000,0.180,0.020,1
3751954596.111000,,,2.154,2.000,35.172,3.038,0,0,2.000,2.000,0.000,0.020,1
3751954626.111000,,,2.174,2.000,35.172,3.038,0,0,2.000,2.000,0.000,0.020,1
3751954656.111000,,,2.165,2.000,35.171,3.038,0,0,2.000,2.000,0.000,0.020,1
3751954686.111000,,,2.162,2.000,35.172,3.038,0,0,2.000,2.000,0.000,0.020,1
3751954716.111000,,,2.178,2.000,35.171,3.038,0,0,2.000,2.000,0.150,0.020,1
3751954746.111000,,,2.154,1.999,35.171,3.039,0,0,2.000,2.000,0.000,0.020,1
3751954776.111000,,,2.176,2.000,35.172,3.038,0,0,2.000,2.000,0.140,0.020,1
3751954806.111000,,,2.172,2.000,35.172,3.039,0,0,2.000,2.000,0.110,0.020,1
3751954836.111000,,,2.154,1.999,35.172,3.038,0,0,2.000,2.000,0.000,0.020,1
3751954866.111000,,,2.167,2.000,35.173,3.039,0,0,2.000,2.000,0.000,0.020,1
3751954896.111000,,,2.159,2.001,35.173,3.039,0,0,2.000,2.000,0.030,0.020,1
3751954926.111000,,,2.154,2.000,35.173,3.038,0,0,2.000,2.000,0.000,0.020,1
3751954956.111000,,,2.180,2.001,35.173,3.039,0,0,2.000,2.000,0.000,0.020,1
3751954986.111000,,,2.163,2.001,35.173,3.039,0,0,2.000,2.000,0.190,0.020,1
3751955016.111000,,,2.171,1.999,35.173,3.039,0,0,2.000,2.000,0.000,0.020,1
3751955046.111000,,,2.176,2.001,35.172,3.038,0,0,2.000,2.000,0.020,0.020,1
3751955076.111000,,,2.153,1.999,35.173,3.039,0,0,2.000,2.000,0.000,0.020,1
3751955106.111000,,,2.176,2.000,35.173,3.039,0,0,2.000,2.000,0.000,0.020,1
3751955136.111000,,,2.177,2.000,35.173,3.038,0,0,2.000,2.000,0.000,0.020,1
3751955166.111000,,,2.154,2.000,35.173,3.038,0,0,2.000,2.000,0.000,0.020,1
3751955196.111000,,,2.173,2.000,35.173,3.038,0,0,2.000,2.000,0.190,0.020,1
3751955226.111000,,,2.169,1.999,35.173,3.038,0,0,2.000,2.000,0.180,0.020,1
3751955256.111000,,,2.174,1.999,35.174,3.038,0,0,2.000,2.000,0.060,0.020,1
3751955286.111000,,,2.179,2.000,35.173,3.039,0,0,2.000,2.000,0.010,0.020,1
3751955316.111000,,,2.155,2.000,35.173,3.038,0,0,2.000,2.000,0.000,0.020,1
3751955346.111000,,,2.172,2.000,35.173,3.038,0,0,2.000,2.000,0.000,0.020,1
3751955376.111000,,,2.169,2.000,35.172,3.038,0,0,2.000,2.000,0.000,0.020,1
3751955406.111000,,,2.153,2.000,35.172,3.038,0,0,2.000,2.000,0.000,0.020,1
3751955436.111000,,,2.178,2.000,35.171,3.038,0,0,2.000,2.000,0.000,0.020,1
3751955466.111000,,,2.168,2.000,35.171,3.037,0,0,2.000,2.000,0.180,0.020,1
3751955496.111000,,,2.155,2.000,35.171,3.038,0,0,2.000,2.000,0.000,0.020,1
3751955526.111000,,,2.178,2.000,35.170,3.037,0,0,2.000,2.000,0.000,0.020,1
3751955556.111000,,,2.165,1.999,35.169,3.038,0,0,2.000,2.000,0.000,0.020,1
3751955586.111000,,,2.153,1.999,35.169,3.038,0,0,2.000,2.000,0.000,0.020,1
3751955616.111000,,,2.179,2.000,35.169,3.037,0,0,2.000,2.000,0.090,0.020,1
3751955646.111000,,,2.160,2.000,35.168,3.038,0,0,2.000,2.000,0.160,0.020,1
3751955676.111000,,,2.161,2.000,35.167,3.038,0,0,2.000,2.000,0.000,0.020,1
3751955706.111000,,,2.174,2.000,35.167,3.038,0,0,2.000,2.000,0.150,0.020,1
3751955736.111000,,,2.155,2.001,35.167,3.038,0,0,2.000,2.000,0.000,0.020,1
3751955766.111000,,,2.163,2.000,35.167,3.037,0,0,2.000,2.000,0.000,0.020,1
3751955796.111000,,,2.178,2.000,35.166,3.037,0,0,2.000,2.000,0.070,0.020,1
3751955826.111000,,,2.154,2.000,35.166,3.037,0,0,2.000,2.000,0.000,0.020,1
3751955856.111000,,,2.171,2.000,35.166,3.037,0,0,2.000,2.000,0.000,0.020,1
3751955886.111000,,,2.175,2.000,35.166,3.037,0,0,2.000,2.000,0.160,0.020,1
3751955916.111000,,,2.155,2.000,35.166,3.037,0,0,2.000,2.000,0.000,0.020,1
3751955946.111000,,,2.175,2.000,35.166,3.037,0,0,2.000,2.000,0.000,0.020,1
3751955976.111000,,,2.176,2.000,35.166,3.037,0,0,2.000,2.000,0.130,0.020,1
3751956006.111000,,,2.154,2.000,35.167,3.037,0,0,2.000,2.000,0.000,0.020,1
3751956036.111000,,,2.176,1.999,35.166,3.037,0,0,2.000,2.000,0.000,0.020,1
3751956066.111000,,,2.157,2.001,35.166,3.038,0,0,2.000,2.000,0.120,0.020,1
3751956096.111000,,,2.162,2.000,35.167,3.037,0,0,2.000,2.000,0.000,0.020,1
3751956126.111000,,,2.179,2.000,35.167,3.038,0,0,2.000,2.000,0.070,0.020,1
3751956156.111000,,,2.157,2.000,35.167,3.038,0,0,2.000,2.000,0.000,0.020,1
3751956186.111000,,,2.158,2.000,35.168,3.038,0,0,2.000,2.000,0.000,0.020,1
3751956216.111000,,,2.180,2.001,35.169,3.038,0,0,2.000,2.000,0.080,0.020,1
3751956246.111000,,,2.154,2.000,35.169,3.038,0,0,2.000,2.000,0.060,0.020,1
3751956276.111000,,,2.169,2.000,35.170,3.038,0,0,2.000,2.000,0.000,0.020,1
3751956306.111000,,,2.165,2.000,35.170,3.038,0,0,2.000,2.000,0.180,0.020,1
3751956336.111000,,,2.154,1.999,35.170,3.038,0,0,2.000,2.000,0.000,0.020,1
3751956366.111000,,,2.177,1.999,35.171,3.038,0,0,2.000,2.000,0.090,0.020,1
3751956396.111000,,,2.167,2.000,35.171,3.037,0,0,2.000,2.000,0.180,0.020,1
3751956426.111000,,,2.160,2.000,35.171,3.037,0,0,2.000,2.000,0.000,0.020,1
3751956456.111000,,,2.179,2.000,35.171,3.037,0,0,2.000,2.000,0.000,0.020,1
3751956486.111000,,,2.160,2.000,35.172,3.037,0,0,2.000,2.000,0.060,0.020,1
3751956516.111000,,,2.154,1.999,35.172,3.037,0,0,2.000,2.000,0.000,0.020,1
3751956546.111000,,,2.176,2.000,35.172,3.037,0,0,2.000,2.000,0.160,0.020,1
3751956576.111000,,,2.166,1.999,35.173,3.037,0,0,2.000,2.000,0.190,0.020,1
3751956606.111000,,,2.169,2.001,35.172,3.037,0,0,2.000,2.000,0.000,0.020,1
3751956636.111000,,,2.175,2.001,35.172,3.037,0,0,2.000,2.000,0.080,0.020,1
3751956666.111000,,,2.152,2.001,35.171,3.037,0,0,2.000,2.000,0.000,0.020,1
3751956696.111000,,,2.176,2.000,35.171,3.037,0,0,2.000,2.000,0.000,0.020,1
3751956726.111000,,,2.176,2.000,35.170,3.037,0,0,2.000,2.000,0.190,0.020,1
3751956756.111000,,,2.152,2.000,35.170,3.037,0,0,2.000,2.000,0.000,0.020,1
3751956786.111000,,,2.175,2.000,35.170,3.037,0,0,2.000,2.000,0.000,0.020,1
3751956816.111000,,,2.155,2.000,35.170,3.037,0,0,2.000,2.000,0.030,0.020,1
3751956846.111000,,,2.158,2.000,35.170,3.037,0,0,2.000,2.000,0.000,0.020,1
3751956876.111000,,,2.166,2.001,35.170,3.036,0,0,2.000,2.000,0.000,0.020,1
3751956906.111000,,,2.163,2.000,35.170,3.036,0,0,2.000,2.000,0.050,0.020,1
3751956936.111000,,,2.167,2.000,35.170,3.037,0,0,2.000,2.000,0.190,0.020,1
3751956966.111000,,,2.176,2.000,35.170,3.037,0,0,2.000,2.000,0.000,0.020,1
3751956996.111000,,,2.155,2.001,35.170,3.037,0,0,2.000,2.000,0.000,0.020,1
3751957026.111000,,,2.176,2.000,35.170,3.037,0,0,2.000,2.000,0.000,0.020,1
3751957056.111000,,,2.159,2.001,35.170,3.037,0,0,2.000,2.000,0.000,0.020,1
3751957086.111000,,,2.160,2.000,35.170,3.037,0,0,2.000,2.000,0.000,0.020,1
3751957116.111000,,,2.179,2.000,35.170,3.038,0,0,2.000,2.000,0.190,0.020,1
3751957146.111000,,,2.160,2.000,35.170,3.038,0,0,2.000,2.000,0.000,0.020,1
3751957176.111000,,,2.161,2.000,35.170,3.038,0,0,2.000,2.000,0.080,0.020,1
3751957206.111000,,,2.180,2.000,35.170,3.039,0,0,2.000,2.000,0.060,0.020,1
3751957236.111000,,,2.153,2.000,35.170,3.039,0,0,2.000,2.000,0.000,0.020,1
3751957266.111000,,,2.169,1.999,35.170,3.039,0,0,2.000,2.000,0.000,0.020,1
3751957296.111000,,,2.176,2.001,35.171,3.039,0,0,2.000,2.000,0.000,0.020,1
3751957326.111000,,,2.151,1.999,35.171,3.039,0,0,2.000,2.000,0.000,0.020,1
3751957356.111000,,,2.161,1.999,35.171,3.039,0,0,2.000,2.000,0.000,0.020,1
3751957386.111000,,,2.170,1.999,35.172,3.038,0,0,2.000,2.000,0.160,0.020,1
3751957416.111000,,,2.155,2.000,35.171,3.038,0,0,2.000,2.000,0.000,0.020,1
3751957446.111000,,,2.177,2.001,35.172,3.039,0,0,2.000,2.000,0.000,0.020,1
3751957476.111000,,,2.169,2.001,35.171,3.038,0,0,2.000,2.000,0.000,0.020,1
3751957506.111000,,,2.155,1.999,35.172,3.039,0,0,2.000,2.000,0.000,0.020,1
3751957536.111000,,,2.178,1.999,35.172,3.038,0,0,2.000,2.000,0.040,0.020,1
3751957566.111000,,,2.169,2.000,35.172,3.038,0,0,2.000,2.000,0.180,0.020,1
3751957596.111000,,,2.160,2.000,35.173,3.038,0,0,2.000,2.000,0.000,0.020,1
3751957626.111000,,,2.178,2.000,35.172,3.038,0,0,2.000,2.000,0.000,0.020,1
3751957656.111000,,,2.159,2.000,35.173,3.037,0,0,2.000,2.000,0.000,0.020,1
3751957686.111000,,,2.170,2.000,35.173,3.038,0,0,2.000,2.000,0.000,0.020,1
3751957716.111000,,,2.178,2.000,35.173,3.037,0,0,2.000,2.000,0.030,0.020,1
3751957746.111000,,,2.155,2.000,35.173,3.037,0,0,2.000,2.000,0.000,0.020,1
3751957776.111000,,,2.167,1.999,35.172,3.038,0,0,2.000,2.000,0.000,0.020,1
3751957806.111000,,,2.173,2.000,35.172,3.037,0,0,2.000,2.000,0.170,0.020,1
3751957836.111000,,,2.152,2.000,35.172,3.037,0,0,2.000,2.000,0.000,0.020,1
3751957866.111000,,,2.174,1.999,35.172,3.038,0,0,2.000,2.000,0.000,0.020,1
3751957896.111000,,,2.178,1.999,35.171,3.039,0,0,2.000,2.000,0.070,0.020,1
3751957926.111000,,,2.154,2.001,35.171,3.038,0,0,2.000,2.000,0.000,0.020,1
3751957956.111000,,,2.172,2.000,35.169,3.039,0,0,2.000,2.000,0.030,0.030,1
3751957986.111000,,,2.170,2.001,35.168,3.039,0,0,2.000,2.000,0.190,0.020,1
3751958016.111000,,,2.153,1.999,35.167,3.038,0,0,2.000,2.000,0.000,0.020,1
3751958046.111000,,,2.176,2.000,35.166,3.038,0,0,2.000,2.000,0.000,0.020,1
3751958076.111000,,,2.156,2.001,35.165,3.037,0,0,2.000,2.000,0.000,0.020,1
3751958106.111000,,,2.152,2.000,35.164,3.037,0,0,2.000,2.000,0.000,0.020,1
3751958136.111000,,,2.179,2.000,35.164,3.037,0,0,2.000,2.000,0.000,0.020,1
3751958166.111000,,,2.158,2.000,35.164,3.038,0,0,2.000,2.000,0.160,0.020,1
3751958196.111000,,,2.168,1.999,35.163,3.037,0,0,2.000,2.000,0.000,0.020,1
3751958226.111000,,,2.179,2.001,35.163,3.038,0,0,2.000,2.000,0.090,0.020,1
3751958256.111000,,,2.157,1.999,35.162,3.038,0,0,2.000,2.000,0.000,0.020,1
3751958286.111000,,,2.155,2.000,35.162,3.038,0,0,2.000,2.000,0.000,0.020,1
3751958316.111000,,,2.176,2.000,35.161,3.038,0,0,2.000,2.000,0.000,0.020,1
3751958346.111000,,,2.159,2.000,35.160,3.037,0,0,2.000,2.000,0.150,0.020,1
3751958376.111000,,,2.172,1.999,35.159,3.037,0,0,2.000,2.000,0.000,0.020,1
3751958406.111000,,,2.172,2.001,35.159,3.037,0,0,2.000,2.000,0.130,0.020,1
3751958436.111000,,,2.152,2.000,35.159,3.037,0,0,2.000,2.000,0.000,0.020,1
3751958466.111000,,,2.182,2.000,35.159,3.037,0,0,2.000,2.000,0.000,0.020,1
3751958496.111000,,,2.177,2.000,35.159,3.038,0,0,2.000,2.000,0.000,0.020,1
3751958526.111000,,,2.153,2.000,35.158,3.038,0,0,2.000,2.000,0.000,0.020,1
3751958556.111000,,,2.173,2.000,35.159,3.038,0,0,2.000,2.000,0.110,0.020,1
3751958586.111000,,,2.164,2.000,35.159,3.038,0,0,2.000,2.000,0.180,0.020,1
3751958616.111000,,,2.156,1.999,35.158,3.038,0,0,2.000,2.000,0.000,0.020,1
3751958646.111000,,,2.177,2.000,35.157,3.039,0,0,2.000,2.000,0.000,0.020,1
3751958676.111000,,,2.169,2.000,35.156,3.039,0,0,2.000,2.000,0.180,0.020,1
3751958706.111000,,,2.161,2.000,35.156,3.038,0,0,2.000,2.000,0.000,0.020,1
3751958736.111000,,,2.179,2.000,35.156,3.038,0,0,2.000,2.000,0.000,0.020,1
3751958766.111000,,,2.159,2.000,35.156,3.039,0,0,2.000,2.000,0.160,0.020,1
3751958796.111000,,,2.166,1.999,35.154,3.039,0,0,2.000,2.000,0.000,0.020,1
3751958826.111000,,,2.177,2.000,35.155,3.039,0,0,2.000,2.000,0.120,0.020,1
3751958856.111000,,,2.152,2.000,35.154,3.039,0,0,2.000,2.000,0.000,0.020,1
3751958886.111000,,,2.166,2.000,35.154,3.038,0,0,2.000,2.000,0.000,0.020,1
3751958916.111000,,,2.169,1.999,35.154,3.038,0,0,2.000,2.000,0.180,0.020,1
3751958946.111000,,,2.152,2.001,35.154,3.038,0,0,2.000,2.000,0.000,0.020,1
3751958976.111000,,,3.467,3.155,35.154,3.040,1,1,150.000,150.000,0.000,0.170,0
3751959006.111000,,,4.781,4.668,35.152,3.047,1,1,150.000,150.000,0.000,0.260,0
3751959036.111000,,,6.163,6.160,35.147,3.063,1,1,150.000,150.000,0.000,0.310,2
3751959066.111000,,,7.638,7.615,35.139,3.087,1,1,150.000,150.000,0.370,0.450,2
3751959096.111000,,,9.144,9.128,35.125,3.118,1,1,150.000,150.000,0.460,0.550,2
3751959126.111000,,,10.629,10.591,35.105,3.159,1,1,150.000,150.000,0.620,0.630,2
3751959156.111000,,,12.117,12.125,35.074,3.209,1,1,150.000,150.000,0.720,0.700,2
3751959186.111000,,,13.596,13.580,35.032,3.272,1,1,150.000,150.000,0.850,0.740,2
3751959216.111000,,,15.096,15.102,34.984,3.344,1,1,150.000,150.000,1.100,0.910,2
3751959246.111000,,,16.569,16.561,34.939,3.428,1,1,150.000,150.000,1.380,1.160,2
3751959276.111000,,,18.081,18.084,34.900,3.528,1,1,150.000,150.000,1.590,1.100,2
3751959306.111000,,,19.558,19.559,34.868,3.626,1,1,150.000,150.000,1.780,1.220,2
3751959336.111000,,,21.186,21.045,34.842,3.725,1,1,150.000,150.000,1.860,1.440,2
3751959366.111000,,,22.543,22.512,34.821,3.823,1,1,150.000,150.000,2.350,1.610,2
3751959396.111000,,,24.019,23.992,34.809,3.921,1,1,150.000,150.000,2.680,1.750,2
3751959426.111000,,,25.518,25.499,34.829,4.001,1,1,150.000,150.000,2.630,1.630,2
3751959456.111000,,,26.995,26.998,34.964,3.977,1,1,150.000,150.000,2.860,1.710,2
3751959486.111000,,,28.483,28.477,35.154,3.861,1,1,150.000,150.000,3.150,1.890,2
3751959516.111000,,,29.972,29.939,35.318,3.763,1,1,150.000,150.000,3.470,2.140,2
3751959546.111000,,,31.452,31.427,35.439,3.729,1,1,150.000,150.000,3.840,2.280,2
3751959576.111000,,,32.942,32.916,35.532,3.724,1,1,150.000,150.000,4.210,2.550,2
3751959606.111000,,,34.441,34.417,35.607,3.723,1,1,150.000,150.000,4.580,2.660,2
3751959636.111000,,,35.931,35.933,35.673,3.723,1,1,150.000,150.000,4.960,2.830,2
3751959666.111000,,,37.414,37.384,35.733,3.722,1,1,150.000,150.000,5.410,3.210,2
3751959696.111000,,,38.898,38.901,35.788,3.722,1,1,150.000,150.000,5.810,3.260,2
3751959726.111000,,,40.379,40.363,35.840,3.723,1,1,150.000,150.000,6.280,3.640,2
3751959756.111000,,,41.870,41.865,35.889,3.722,1,1,150.000,150.000,6.660,3.730,2
3751959786.111000,,,41.170,41.650,35.938,3.721,1,1,2.000,2.000,0.000,0.000,0
3751959816.111000,,,38.832,40.310,35.986,3.719,1,1,2.000,2.000,0.000,0.000,0
3751959846.111000,,,36.709,38.981,36.031,3.719,1,1,2.000,2.000,0.000,0.000,0
3751959876.111000,,,34.710,37.622,36.076,3.718,1,1,2.000,2.000,0.000,0.000,3
3751959906.111000,,,32.805,36.157,36.119,3.717,1,1,2.000,2.000,0.000,0.000,3
3751959936.111000,,,30.948,34.606,36.159,3.718,1,1,2.000,2.000,0.000,0.000,3
3751959966.111000,,,29.094,32.895,36.199,3.718,1,1,2.000,2.000,0.000,0.000,3
3751959996.111000,,,27.192,31.005,36.236,3.720,1,1,2.000,2.000,0.000,0.000,3
3751960026.111000,,,25.191,28.874,36.271,3.719,1,1,2.000,2.000,0.000,0.000,3
3751960056.111000,,,22.940,26.320,36.303,3.719,1,1,2.000,2.000,0.000,0.000,3
3751960093.402000,,,19.300,22.172,36.340,3.719,1,1,2.000,2.000,0.000,0.000,3
3751960123.402000,,,15.848,17.316,36.366,3.719,1,1,2.000,2.000,0.000,0.000,3
3751960153.402000,,,10.327,10.205,36.388,3.719,1,1,2.000,2.000,0.120,0.220,3
3751960183.402000,,,7.581,7.613,36.408,3.719,1,1,2.000,2.000,0.110,0.270,3
3751960213.402000,,,5.135,5.162,36.426,3.717,1,1,2.000,2.000,0.000,0.170,3
3751960243.402000,,,3.328,2.725,36.445,3.712,1,1,2.000,2.000,0.000,0.000,3
3751960273.402000,,,2.866,2.262,36.472,3.702,0,0,2.000,2.000,0.000,0.000,4
3751960303.402000,,,2.772,2.220,36.504,3.692,0,0,2.000,2.000,0.000,0.000,4
3751960333.402000,,,2.707,2.193,36.534,3.680,0,0,2.000,2.000,0.000,0.000,4
3751960363.402000,,,2.622,2.142,36.562,3.666,0,0,2.000,2.000,0.000,0.000,4
3751960393.402000,,,2.609,2.139,36.586,3.651,0,0,2.000,2.000,0.000,0.000,4
3751960423.402000,,,2.532,2.092,36.606,3.636,0,0,2.000,2.000,0.000,0.000,4
3751960453.402000,,,2.494,2.072,36.623,3.621,0,0,2.000,2.000,0.000,0.000,4
3751960483.402000,,,2.473,2.058,36.636,3.606,0,0,2.000,2.000,0.000,0.000,4
3751960513.402000,,,2.416,2.005,36.646,3.589,0,0,2.000,2.000,0.000,0.000,4
3751960543.402000,,,2.400,2.005,36.653,3.573,0,0,2.000,2.000,0.000,0.000,4
3751960573.402000,,,2.378,2.000,36.656,3.557,0,0,2.000,2.000,0.000,0.000,4
3751960603.402000,,,2.351,2.001,36.657,3.540,0,0,2.000,2.000,0.000,0.000,4
3751960633.402000,,,2.346,2.000,36.655,3.524,0,0,2.000,2.000,0.000,0.000,4
3751960663.402000,,,2.307,2.000,36.650,3.506,0,0,2.000,2.000,0.000,0.000,4
3751960693.402000,,,2.278,2.000,36.642,3.485,0,0,2.000,2.000,0.000,0.000,4
3751960723.402000,,,2.266,1.996,36.632,3.467,0,0,2.000,2.000,0.000,0.010,4
3751960753.402000,,,2.229,2.075,36.619,3.449,1,1,150.000,150.000,0.020,0.040,0
3751960783.402000,,,3.639,3.522,36.604,3.430,1,1,150.000,150.000,0.000,0.150,0
3751960813.402000,,,5.081,5.037,36.583,3.415,1,1,150.000,150.000,0.020,0.220,0
3751960843.402000,,,6.522,6.483,36.556,3.405,1,1,150.000,150.000,0.470,0.310,2
3751960873.402000,,,8.012,7.999,36.518,3.402,1,1,150.000,150.000,0.300,0.480,2
3751960903.402000,,,9.498,9.511,36.468,3.408,1,1,150.000,150.000,0.410,0.560,2
3751960933.402000,,,10.986,10.946,36.405,3.424,1,1,150.000,150.000,0.540,0.520,2
3751960963.402000,,,12.473,12.422,36.332,3.448,1,1,150.000,150.000,0.700,0.720,2
3751960993.402000,,,13.949,13.888,36.254,3.481,1,1,150.000,150.000,0.900,0.840,2
3751961023.402000,,,15.454,15.452,36.171,3.517,1,1,150.000,150.000,1.140,0.950,2
3751961053.402000,,,16.941,16.907,36.087,3.553,1,1,150.000,150.000,1.370,1.130,2
3751961083.402000,,,18.433,18.420,35.998,3.584,1,1,150.000,150.000,1.540,1.130,2
3751961113.402000,,,19.918,19.855,35.905,3.615,1,1,150.000,150.000,1.870,1.400,2
3751961143.402000,,,21.447,21.432,35.807,3.651,1,1,150.000,150.000,2.130,1.330,2
3751961173.402000,,,22.908,22.868,35.721,3.689,1,1,150.000,150.000,2.160,1.460,2
3751961203.402000,,,24.376,24.366,35.723,3.707,1,1,150.000,150.000,2.400,1.510,2
3751961233.402000,,,25.865,25.854,35.789,3.716,1,1,150.000,150.000,2.620,1.680,2
3751961263.402000,,,27.361,27.330,35.868,3.720,1,1,150.000,150.000,2.920,1.790,2
3751961293.402000,,,28.848,28.842,35.942,3.723,1,1,150.000,150.000,3.250,1.910,2
3751961323.402000,,,30.333,30.320,36.011,3.725,1,1,150.000,150.000,3.600,2.120,2
3751961353.402000,,,31.817,31.800,36.074,3.726,1,1,150.000,150.000,3.990,2.320,2
3751961383.402000,,,33.315,33.303,36.132,3.726,1,1,150.000,150.000,4.330,2.570,2
3751961413.402000,,,34.788,34.779,36.185,3.727,1,1,150.000,150.000,4.740,2.680,2
3751961443.402000,,,36.283,36.298,36.236,3.726,1,1,150.000,150.000,5.100,2.920,2
3751961473.402000,,,37.768,37.754,36.283,3.725,1,1,150.000,150.000,5.520,3.230,2
3751961503.402000,,,39.264,39.244,36.329,3.725,1,1,150.000,150.000,5.960,3.430,2
3751961533.402000,,,40.734,40.696,36.373,3.725,1,1,150.000,150.000,6.380,3.720,2
3751961563.402000,,,42.228,42.226,36.416,3.725,1,1,150.000,150.000,6.820,3.880,2
3751961593.402000,,,43.720,43.709,36.457,3.725,1,1,150.000,150.000,7.220,4.110,2
3751961623.402000,,,45.199,45.185,36.496,3.725,1,1,150.000,150.000,7.690,4.430,2
3751961653.402000,,,46.691,46.683,36.534,3.725,1,1,150.000,150.000,8.220,4.650,2
3751961683.402000,,,48.179,48.165,36.572,3.725,1,1,150.000,150.000,8.560,4.950,2
3751961713.402000,,,49.670,49.655,36.607,3.725,1,1,150.000,150.000,9.120,5.200,2
3751961743.402000,,,51.150,51.144,36.642,3.723,1,1,150.000,150.000,9.470,5.400,2
3751961773.402000,,,52.632,52.622,36.678,3.722,1,1,150.000,150.000,10.000,5.720,2
3751961803.402000,,,54.133,54.122,36.712,3.723,1,1,150.000,150.000,10.440,5.930,2
3751961833.402000,,,55.627,55.602,36.744,3.724,1,1,150.000,150.000,10.830,6.230,2
3751961863.402000,,,57.100,57.086,36.776,3.725,1,1,150.000,150.000,11.390,6.510,2
3751961893.402000,,,58.596,58.568,36.808,3.724,1,1,150.000,150.000,11.730,6.830,2
3751961923.402000,,,60.081,60.066,36.838,3.723,1,1,150.000,150.000,12.260,7.000,2
3751961953.402000,,,61.565,61.551,36.869,3.724,1,1,150.000,150.000,12.610,7.350,2
3751961983.402000,,,63.062,63.050,36.900,3.723,1,1,150.000,150.000,13.170,7.560,2
3751962013.402000,,,64.551,64.526,36.930,3.721,1,1,150.000,150.000,13.530,7.800,2
3751962043.402000,,,66.039,66.028,36.959,3.720,1,1,150.000,150.000,14.030,7.930,2
3751962073.402000,,,67.510,67.496,36.987,3.720,1,1,150.000,150.000,14.400,8.200,2
3751962103.402000,,,69.008,68.978,37.017,3.719,1,1,150.000,150.000,14.890,8.790,2
3751962133.402000,,,70.495,70.495,37.045,3.719,1,1,150.000,150.000,15.300,8.890,2
3751962163.402000,,,71.978,71.965,37.073,3.719,1,1,150.000,150.000,15.750,9.100,2
3751962193.402000,,,73.467,73.454,37.100,3.719,1,1,150.000,150.000,16.130,9.400,2
3751962223.402000,,,74.945,74.930,37.128,3.720,1,1,150.000,150.000,16.610,9.590,2
3751962253.402000,,,76.447,76.423,37.155,3.722,1,1,150.000,150.000,16.950,9.890,2
3751962283.402000,,,77.911,77.895,37.181,3.725,1,1,150.000,150.000,17.320,10.190,2
3751962313.402000,,,79.415,79.395,37.207,3.727,1,1,150.000,150.000,17.800,10.390,2
3751962343.402000,,,80.898,80.880,37.233,3.726,1,1,150.000,150.000,18.120,10.570,2
3751962373.402000,,,82.372,82.359,37.259,3.726,1,1,150.000,150.000,18.590,10.980,2
3751962403.402000,,,83.868,83.852,37.285,3.726,1,1,150.000,150.000,18.910,11.220,2
3751962433.402000,,,85.350,85.336,37.311,3.725,1,1,150.000,150.000,19.390,11.380,2
3751962463.402000,,,86.846,86.826,37.336,3.725,1,1,150.000,150.000,19.670,11.640,2
3751962493.402000,,,88.316,88.291,37.362,3.725,1,1,150.000,150.000,20.090,11.950,2
3751962523.402000,,,89.807,89.795,37.387,3.725,1,1,150.000,150.000,20.450,12.130,2
3751962553.402000,,,91.298,91.281,37.412,3.725,1,1,150.000,150.000,20.790,12.400,2
3751962583.402000,,,92.777,92.751,37.437,3.723,1,1,150.000,150.000,21.170,12.660,2
3751962613.402000,,,94.272,94.253,37.462,3.723,1,1,150.000,150.000,21.540,12.860,2
3751962643.402000,,,95.752,95.740,37.488,3.723,1,1,150.000,150.000,21.860,13.050,2
3751962673.402000,,,97.234,97.222,37.512,3.722,1,1,150.000,150.000,22.260,13.350,2
3751962703.402000,,,98.729,98.711,37.538,3.722,1,1,150.000,150.000,22.610,13.560,2
3751962733.402000,,,100.211,100.193,37.562,3.722,1,1,150.000,150.000,23.020,13.810,2
3751962763.402000,,,101.705,101.691,37.586,3.723,1,1,150.000,150.000,23.300,13.960,2
3751962793.402000,,,103.181,103.156,37.610,3.722,1,1,150.000,150.000,23.620,14.270,2
3751962823.402000,,,104.665,104.649,37.634,3.723,1,1,150.000,150.000,24.000,14.530,2
3751962853.402000,,,106.161,106.140,37.658,3.723,1,1,150.000,150.000,24.320,14.710,2
3751962883.402000,,,107.644,107.622,37.682,3.722,1,1,150.000,150.000,24.660,14.960,2
3751962913.402000,,,109.121,109.120,37.706,3.721,1,1,150.000,150.000,24.990,15.230,2
3751962943.402000,,,110.611,110.608,37.730,3.720,1,1,150.000,150.000,25.260,15.370,2
3751962973.402000,,,112.108,112.083,37.754,3.719,1,1,150.000,150.000,25.580,15.550,2
3751963003.402000,,,113.580,113.559,37.778,3.720,1,1,150.000,150.000,25.890,15.800,2
3751963033.402000,,,115.061,115.052,37.801,3.719,1,1,150.000,150.000,26.290,16.030,2
3751963063.402000,,,116.559,116.537,37.825,3.719,1,1,150.000,150.000,26.550,16.280,2
3751963093.402000,,,118.040,118.025,37.849,3.719,1,1,150.000,150.000,26.880,16.480,2
3751963123.402000,,,119.534,119.513,37.873,3.718,1,1,150.000,150.000,27.190,16.670,2
3751963153.402000,,,121.016,120.996,37.897,3.719,1,1,150.000,150.000,27.480,16.890,2
3751963183.402000,,,122.499,122.479,37.920,3.721,1,1,150.000,150.000,27.870,17.100,2
3751963213.402000,,,123.975,123.955,37.944,3.721,1,1,150.000,150.000,28.100,17.340,2
3751963243.402000,,,125.478,125.451,37.967,3.722,1,1,150.000,150.000,28.390,17.550,2
3751963273.402000,,,126.957,126.937,37.991,3.722,1,1,150.000,150.000,28.790,17.730,2
3751963303.402000,,,128.437,128.418,38.016,3.721,1,1,150.000,150.000,29.060,17.950,2
3751963333.402000,,,129.923,129.902,38.039,3.722,1,1,150.000,150.000,29.330,18.170,2
3751963363.402000,,,131.417,131.403,38.063,3.723,1,1,150.000,150.000,29.620,18.410,2
3751963393.402000,,,132.890,132.888,38.086,3.722,1,1,150.000,150.000,29.900,18.570,2
3751963423.402000,,,134.391,134.372,38.110,3.724,1,1,150.000,150.000,30.300,18.770,2
3751963453.402000,,,135.885,135.859,38.134,3.723,1,1,150.000,150.000,30.440,19.020,2
3751963483.402000,,,137.353,137.332,38.157,3.722,1,1,150.000,150.000,30.800,19.200,2
3751963513.402000,,,138.841,138.827,38.182,3.723,1,1,150.000,150.000,31.070,19.400,2
3751963543.402000,,,140.334,140.312,38.206,3.722,1,1,150.000,150.000,31.410,19.590,2
3751963573.402000,,,141.814,141.799,38.231,3.721,1,1,150.000,150.000,31.630,19.770,2
3751963603.402000,,,143.299,143.279,38.255,3.724,1,1,150.000,150.000,31.910,20.020,2
3751963633.402000,,,144.787,144.771,38.278,3.725,1,1,150.000,150.000,32.190,20.190,2
3751963663.402000,,,146.281,146.260,38.302,3.723,1,1,150.000,150.000,32.530,20.400,2
3751963693.402000,,,147.753,147.738,38.326,3.719,1,1,150.000,150.000,32.700,20.470,2
3751963723.402000,,,149.237,149.228,38.349,3.718,1,1,150.000,150.000,33.010,20.750,2
3751963753.402000,,,150.601,150.448,38.373,3.721,0,0,150.000,150.000,23.450,16.320,4
3751963783.402000,,,150.108,150.067,38.396,3.720,0,0,150.000,150.000,12.250,12.330,4
3751963813.402000,,,149.468,150.032,38.419,3.720,0,0,150.000,150.000,26.320,12.070,4
3751963843.402000,,,150.406,150.031,38.442,3.719,0,0,150.000,150.000,22.400,11.330,4
3751963873.402000,,,150.133,150.013,38.464,3.719,0,0,150.000,150.000,12.790,11.090,4
3751963903.402000,,,149.571,150.012,38.487,3.718,0,0,150.000,150.000,23.620,10.810,4
3751963933.402000,,,150.284,150.007,38.508,3.719,0,0,150.000,150.000,21.700,10.660,4
3751963963.402000,,,150.133,150.008,38.530,3.719,0,0,150.000,150.000,13.600,10.520,4
3751963993.402000,,,149.661,150.006,38.553,3.719,0,0,150.000,150.000,21.770,10.420,4
3751964023.402000,,,150.195,150.004,38.574,3.718,0,0,150.000,150.000,21.040,10.320,4
3751964053.402000,,,150.132,150.006,38.595,3.719,0,0,150.000,150.000,14.330,10.190,4
3751964083.402000,,,149.734,150.004,38.617,3.719,0,0,150.000,150.000,20.180,10.120,4
3751964113.402000,,,150.131,150.005,38.638,3.719,0,0,150.000,150.000,20.310,10.010,4
3751964143.402000,,,150.126,150.005,38.659,3.718,0,0,150.000,150.000,14.860,9.940,4
3751964173.402000,,,149.793,150.005,38.679,3.719,0,0,150.000,150.000,19.280,9.800,4
3751964203.402000,,,150.080,150.003,38.698,3.719,0,0,150.000,150.000,19.870,9.780,1
3751964233.402000,,,150.115,150.006,38.719,3.719,0,0,150.000,150.000,15.260,9.680,1
3751964263.402000,,,149.841,150.004,38.739,3.719,0,0,150.000,150.000,18.200,9.640,1
3751964269.710000,,,149.845,150.005,38.743,3.720,0,0,150.000,150.000,19.170,9.590,1
3751964299.710000,,,150.104,150.003,38.764,3.720,0,0,150.000,150.000,18.390,9.560,1
3751964329.710000,,,150.052,150.004,38.783,3.721,0,0,150.000,150.000,15.460,9.460,1
3751964359.710000,,,149.874,150.004,38.803,3.720,0,0,150.000,150.000,18.390,9.400,1
3751964389.710000,,,150.073,150.004,38.824,3.719,0,0,150.000,150.000,18.050,9.330,1
3751964419.710000,,,150.054,150.002,38.843,3.720,0,0,150.000,150.000,15.510,9.280,1
3751964449.710000,,,149.901,150.003,38.863,3.721,0,0,150.000,150.000,17.700,9.170,1
3751964479.710000,,,150.047,150.003,38.882,3.721,0,0,150.000,150.000,17.820,9.140,1
3751964509.710000,,,150.052,150.004,38.902,3.720,0,0,150.000,150.000,15.550,9.100,1
3751964539.710000,,,149.921,150.002,38.920,3.720,0,0,150.000,150.000,17.120,9.020,1
3751964569.710000,,,150.031,150.002,38.939,3.720,0,0,150.000,150.000,17.410,8.970,1
3751964599.710000,,,150.049,150.004,38.958,3.719,0,0,150.000,150.000,15.590,8.910,1
3751964629.710000,,,149.939,150.003,38.977,3.720,0,0,150.000,150.000,16.690,8.850,1
3751964659.710000,,,150.016,150.003,38.994,3.721,0,0,150.000,150.000,17.120,8.820,1
3751964689.710000,,,150.045,150.003,39.013,3.720,0,0,150.000,150.000,15.570,8.770,1
3751964719.710000,,,149.954,150.002,39.031,3.721,0,0,150.000,150.000,16.310,8.740,1
3751964749.710000,,,150.007,150.002,39.050,3.720,0,0,150.000,150.000,16.810,8.680,1
3751964779.710000,,,150.041,150.003,39.068,3.721,0,0,150.000,150.000,15.570,8.630,1
3751964809.710000,,,149.964,150.002,39.087,3.721,0,0,150.000,150.000,16.050,8.590,1
3751964839.710000,,,150.001,150.003,39.105,3.722,0,0,150.000,150.000,16.530,8.560,1
3751964869.710000,,,150.036,150.003,39.123,3.720,0,0,150.000,150.000,15.480,8.510,1
3751964899.710000,,,149.975,150.002,39.142,3.719,0,0,150.000,150.000,15.710,8.450,1
3751964929.710000,,,149.996,150.001,39.160,3.720,0,0,150.000,150.000,16.230,8.420,1
3751964959.710000,,,150.031,150.002,39.177,3.720,0,0,150.000,150.000,15.460,8.390,1
3751964989.710000,,,149.982,150.002,39.195,3.720,0,0,150.000,150.000,15.490,8.380,1
3751965019.710000,,,149.993,150.001,39.212,3.721,0,0,150.000,150.000,15.990,8.300,1
3751965049.710000,,,150.026,150.001,39.228,3.721,0,0,150.000,150.000,15.320,8.290,1
3751965079.710000,,,149.989,150.002,39.245,3.720,0,0,150.000,150.000,15.260,8.210,1
3751965109.710000,,,149.991,150.001,39.261,3.718,0,0,150.000,150.000,15.730,8.210,1
3751965139.710000,,,150.022,150.001,39.278,3.718,0,0,150.000,150.000,15.220,8.180,1
3751965169.710000,,,149.994,150.003,39.295,3.718,0,0,150.000,150.000,15.130,8.150,1
3751965199.710000,,,149.991,150.000,39.311,3.719,0,0,150.000,150.000,15.530,8.120,1
3751965229.710000,,,150.019,150.002,39.327,3.720,0,0,150.000,150.000,15.110,8.110,1
3751965259.710000,,,149.997,150.003,39.344,3.720,0,0,150.000,150.000,14.990,8.050,1
3751965289.710000,,,149.989,150.001,39.360,3.719,0,0,150.000,150.000,15.300,8.020,1
3751965319.710000,,,150.015,150.001,39.377,3.721,0,0,150.000,150.000,15.030,7.990,1
3751965349.710000,,,149.998,150.001,39.393,3.720,0,0,150.000,150.000,14.840,7.960,1
3751965379.710000,,,149.992,150.001,39.409,3.722,0,0,150.000,150.000,15.140,7.930,1
3751965409.710000,,,150.013,150.002,39.427,3.720,0,0,150.000,150.000,14.880,7.900,1
3751965439.710000,,,150.001,150.002,39.443,3.721,0,0,150.000,150.000,14.720,7.890,1
3751965469.710000,,,149.993,150.001,39.459,3.719,0,0,150.000,150.000,14.930,7.860,1
3751965499.710000,,,150.009,150.002,39.474,3.721,0,0,150.000,150.000,14.780,7.830,1
3751965529.710000,,,150.001,150.000,39.490,3.718,0,0,150.000,150.000,14.610,7.820,1
3751965559.710000,,,149.994,150.001,39.507,3.718,0,0,150.000,150.000,14.820,7.790,1
3751965589.710000,,,150.007,150.002,39.523,3.718,0,0,150.000,150.000,14.650,7.790,1
3751965619.710000,,,150.003,150.001,39.538,3.721,0,0,150.000,150.000,14.500,7.760,1
3751965649.710000,,,149.995,150.001,39.553,3.720,0,0,150.000,150.000,14.630,7.720,1
3751965679.710000,,,150.007,150.001,39.567,3.721,0,0,150.000,150.000,14.530,7.700,1
3751965709.710000,,,150.002,150.001,39.582,3.721,0,0,150.000,150.000,14.380,7.670,1
3751965739.710000,,,149.994,150.001,39.597,3.720,0,0,150.000,150.000,14.440,7.660,1
3751965769.710000,,,150.006,150.001,39.612,3.720,0,0,150.000,150.000,14.420,7.630,1
3751965799.710000,,,150.002,150.001,39.626,3.722,0,0,150.000,150.000,14.330,7.610,1
3751965829.710000,,,149.995,150.000,39.641,3.721,0,0,150.000,150.000,14.400,7.590,1
3751965859.710000,,,150.005,150.001,39.655,3.722,0,0,150.000,150.000,14.360,7.570,1
3751965889.710000,,,150.003,150.000,39.670,3.721,0,0,150.000,150.000,14.250,7.540,1
3751965919.710000,,,149.996,150.001,39.685,3.721,0,0,150.000,150.000,14.270,7.530,1
3751965949.710000,,,150.004,150.001,39.699,3.721,0,0,150.000,150.000,14.250,7.530,1
3751965979.710000,,,150.004,150.001,39.713,3.721,0,0,150.000,150.000,14.100,7.490,1
3751966009.710000,,,149.997,150.001,39.726,3.720,0,0,150.000,150.000,14.140,7.470,1
3751966039.710000,,,150.003,150.001,39.741,3.721,0,0,150.000,150.000,14.160,7.460,1
3751966069.710000,,,150.004,150.001,39.754,3.720,0,0,150.000,150.000,13.950,7.440,1
3751966099.710000,,,149.997,150.000,39.767,3.722,0,0,150.000,150.000,14.060,7.430,1
3751966129.710000,,,150.002,150.000,39.781,3.721,0,0,150.000,150.000,14.060,7.420,1
3751966159.710000,,,150.003,150.000,39.795,3.721,0,0,150.000,150.000,13.970,7.400,1
3751966189.710000,,,149.997,150.001,39.809,3.722,0,0,150.000,150.000,13.990,7.370,1
3751966219.710000,,,150.001,150.000,39.822,3.722,0,0,150.000,150.000,13.970,7.360,1
3751966249.710000,,,150.003,150.002,39.835,3.721,0,0,150.000,150.000,13.900,7.350,1
3751966279.710000,,,149.998,150.000,39.849,3.721,0,0,150.000,150.000,13.880,7.330,1
3751966309.710000,,,150.000,150.001,39.861,3.722,0,0,150.000,150.000,13.900,7.330,1
3751966339.710000,,,150.004,150.000,39.874,3.721,0,0,150.000,150.000,13.800,7.300,1
3751966369.710000,,,149.998,150.001,39.887,3.723,0,0,150.000,150.000,13.800,7.290,1
3751966399.710000,,,150.001,150.000,39.900,3.722,0,0,150.000,150.000,13.840,7.280,1
3751966429.710000,,,150.003,150.000,39.913,3.722,0,0,150.000,150.000,13.750,7.280,1
3751966459.710000,,,149.999,150.001,39.928,3.721,0,0,150.000,150.000,13.750,7.250,1
3751966489.710000,,,150.001,150.000,39.940,3.721,0,0,150.000,150.000,13.750,7.250,1
3751966519.710000,,,150.002,150.001,39.952,3.723,0,0,150.000,150.000,13.690,7.220,1
3751966526.600000,,,150.001,150.001,39.956,3.723,0,0,150.000,150.000,13.660,7.220,1
3751966556.600000,,,150.000,150.001,39.968,3.723,0,0,150.000,150.000,13.680,7.220,1
3751966586.600000,,,150.004,150.000,39.980,3.723,0,0,150.000,150.000,13.660,7.190,1
3751966616.600000,,,150.000,149.999,39.992,3.723,0,0,150.000,150.000,13.620,7.190,1
3751966646.600000,,,150.000,150.001,40.003,3.723,0,0,150.000,150.000,13.640,7.160,1
3751966676.600000,,,150.002,150.000,40.015,3.721,0,0,150.000,150.000,13.580,7.160,1
3751966706.600000,,,150.000,150.001,40.027,3.722,0,0,150.000,150.000,13.530,7.160,1
3751966736.600000,,,150.000,150.001,40.039,3.723,0,0,150.000,150.000,13.580,7.140,1
3751966766.600000,,,150.001,150.000,40.051,3.724,0,0,150.000,150.000,13.510,7.120,1
3751966796.600000,,,150.000,150.001,40.063,3.722,0,0,150.000,150.000,13.470,7.110,1
3751966826.600000,,,149.999,150.000,40.075,3.720,0,0,150.000,150.000,13.550,7.140,1
3751966856.600000,,,150.002,150.002,40.087,3.719,0,0,150.000,150.000,13.460,7.090,1
3751966886.600000,,,150.000,150.000,40.099,3.721,0,0,150.000,150.000,13.420,7.080,1
3751966916.600000,,,150.000,150.000,40.111,3.722,0,0,150.000,150.000,13.420,7.070,1
3751966947.840000,,,150.002,150.001,40.121,3.722,0,0,150.000,150.000,13.400,7.050,1
3751966977.840000,,,150.000,150.000,40.133,3.723,0,0,150.000,150.000,13.400,7.070,1
3751967007.840000,,,150.000,150.001,40.144,3.724,0,0,150.000,150.000,13.380,7.030,1
3751967031.072000,,,150.001,150.001,40.152,3.724,0,0,150.000,150.000,13.350,7.030,1
3751967061.072000,,,150.001,150.000,40.163,3.725,0,0,150.000,150.000,13.330,7.030,1
3751967091.072000,,,149.999,150.001,40.175,3.724,0,0,150.000,150.000,13.310,7.010,1
3751967123.591000,,,150.001,149.994,40.187,3.724,0,0,150.000,150.000,13.310,7.080,1
3751967153.591000,,,150.000,149.992,40.199,3.723,0,0,150.000,150.000,13.290,7.250,1
3751967183.591000,,,149.999,150.000,40.209,3.724,0,0,150.000,150.000,13.330,7.280,1
3751967191.157000,,,150.000,150.001,40.212,3.724,0,0,150.000,150.000,13.370,7.300,1
3751967221.157000,,,150.002,150.000,40.224,3.723,0,0,150.000,150.000,13.270,7.280,1
3751967251.157000,,,150.000,150.001,40.234,3.724,0,0,150.000,150.000,13.260,7.250,1
3751967281.157000,,,150.000,150.000,40.245,3.724,0,0,150.000,150.000,13.290,7.250,1
3751967311.157000,,,150.003,150.002,40.257,3.722,0,0,150.000,150.000,13.220,7.220,1
3751967341.157000,,,150.000,150.001,40.267,3.723,0,0,150.000,150.000,13.200,7.180,1
3751967371.157000,,,150.000,150.001,40.278,3.722,0,0,150.000,150.000,13.260,7.150,1
3751967401.157000,,,150.000,150.001,40.288,3.723,0,0,150.000,150.000,13.180,7.140,1
3751967431.157000,,,150.001,150.002,40.299,3.722,0,0,150.000,150.000,13.170,7.080,1
3751967461.157000,,,149.999,150.000,40.309,3.721,0,0,150.000,150.000,13.130,7.070,1
3751967491.157000,,,150.000,150.004,40.319,3.721,0,0,150.000,150.000,13.150,7.040,1
3751967521.157000,,,150.003,150.000,40.329,3.721,0,0,150.000,150.000,13.110,6.980,1
3751967551.157000,,,150.000,149.995,40.339,3.720,0,0,150.000,150.000,13.090,7.080,1
3751967581.157000,,,149.999,149.997,40.348,3.721,0,0,150.000,150.000,13.110,7.140,1
3751967611.157000,,,150.001,149.992,40.357,3.722,0,0,150.000,150.000,13.090,7.280,1
3751967641.157000,,,149.999,149.999,40.367,3.723,0,0,150.000,150.000,13.090,7.330,1
3751967671.157000,,,150.000,149.998,40.375,3.724,0,0,150.000,150.000,13.110,7.370,1
3751967701.157000,,,150.002,150.000,40.386,3.723,0,0,150.000,150.000,13.040,7.370,1
3751967731.157000,,,149.999,150.000,40.395,3.723,0,0,150.000,150.000,13.080,7.360,1
3751967761.157000,,,150.000,150.000,40.405,3.724,0,0,150.000,150.000,13.040,7.370,1
3751967791.157000,,,150.002,150.000,40.414,3.725,0,0,150.000,150.000,13.020,7.350,1
3751967821.157000,,,149.998,150.000,40.423,3.724,0,0,150.000,150.000,13.060,7.350,1
3751967851.157000,,,150.000,150.000,40.433,3.722,0,0,150.000,150.000,13.060,7.330,1
3751967881.157000,,,150.002,150.000,40.442,3.725,0,0,150.000,150.000,12.990,7.330,1
3751967911.157000,,,149.999,150.001,40.451,3.725,0,0,150.000,150.000,12.970,7.290,1
3751967941.157000,,,150.000,150.000,40.461,3.723,0,0,150.000,150.000,13.000,7.320,1
3751967971.157000,,,150.002,150.000,40.470,3.724,0,0,150.000,150.000,12.900,7.320,1
3751968001.157000,,,150.000,150.000,40.479,3.725,0,0,150.000,150.000,12.950,7.300,1
3751968031.157000,,,150.000,150.001,40.488,3.727,0,0,150.000,150.000,12.950,7.280,1
3751968061.157000,,,150.002,150.000,40.498,3.726,0,0,150.000,150.000,12.930,7.290,1
3751968091.157000,,,150.000,150.000,40.507,3.725,0,0,150.000,150.000,12.900,7.260,1
3751968121.157000,,,150.000,150.001,40.516,3.726,0,0,150.000,150.000,12.930,7.280,1
3751968151.157000,,,150.001,150.001,40.524,3.728,0,0,150.000,150.000,12.900,7.220,1
3751968181.157000,,,150.000,150.001,40.535,3.727,0,0,150.000,150.000,12.880,7.280,1
3751968211.157000,,,150.000,150.000,40.542,3.726,0,0,150.000,150.000,12.880,7.250,1
3751968241.157000,,,150.001,150.000,40.551,3.726,0,0,150.000,150.000,12.860,7.250,1
3751968271.157000,,,150.000,150.000,40.559,3.726,0,0,150.000,150.000,12.770,7.220,1
3751968301.157000,,,150.000,150.000,40.568,3.725,0,0,150.000,150.000,12.840,7.230,1
3751968331.157000,,,150.001,150.000,40.576,3.727,0,0,150.000,150.000,12.840,7.220,1
3751968361.157000,,,150.000,150.000,40.585,3.726,0,0,150.000,150.000,12.830,7.220,1
3751968391.157000,,,150.000,150.000,40.593,3.726,0,0,150.000,150.000,12.810,7.190,1
3751968421.157000,,,150.001,150.000,40.601,3.726,0,0,150.000,150.000,12.770,7.220,1
3751968451.157000,,,150.000,150.000,40.608,3.727,0,0,150.000,150.000,12.790,7.190,1
3751968481.157000,,,150.000,150.001,40.615,3.727,0,0,150.000,150.000,12.790,7.190,1
3751968511.157000,,,150.001,150.000,40.623,3.726,0,0,150.000,150.000,12.740,7.180,1
3751968541.157000,,,150.000,150.003,40.631,3.727,0,0,150.000,150.000,12.770,7.180,1
3751968571.157000,,,150.001,149.999,40.639,3.727,0,0,150.000,150.000,12.760,7.150,1
3751968601.157000,,,150.000,150.000,40.648,3.727,0,0,150.000,150.000,12.720,7.160,1
3751968631.157000,,,149.999,150.000,40.655,3.727,0,0,150.000,150.000,12.760,7.150,1
3751968661.157000,,,150.001,150.001,40.663,3.727,0,0,150.000,150.000,12.720,7.140,1
3751968691.157000,,,150.000,150.000,40.671,3.727,0,0,150.000,150.000,12.740,7.140,1
3751968721.157000,,,150.000,150.000,40.679,3.727,0,0,150.000,150.000,12.720,7.120,1
3751968751.157000,,,150.000,149.999,40.687,3.727,0,0,150.000,150.000,12.700,7.150,1
3751968781.157000,,,150.001,150.002,40.694,3.728,0,0,150.000,150.000,12.700,7.120,1
3751968811.157000,,,149.999,150.000,40.702,3.727,0,0,150.000,150.000,12.680,7.120,1
3751968841.157000,,,150.001,150.001,40.710,3.725,0,0,150.000,150.000,12.610,7.110,1
3751968871.157000,,,150.000,150.000,40.717,3.725,0,0,150.000,150.000,12.680,7.120,1
3751968901.157000,,,150.000,150.000,40.725,3.724,0,0,150.000,150.000,12.650,7.110,1
3751968931.157000,,,150.000,150.000,40.732,3.725,0,0,150.000,150.000,12.650,7.110,1
3751968961.157000,,,150.001,150.000,40.740,3.724,0,0,150.000,150.000,12.630,7.110,1
3751968991.157000,,,150.000,150.000,40.747,3.724,0,0,150.000,150.000,12.670,7.080,1
3751969021.157000,,,150.001,150.000,40.753,3.723,0,0,150.000,150.000,12.630,7.080,1
3751969051.157000,,,150.000,150.000,40.760,3.725,0,0,150.000,150.000,12.650,7.090,1
3751969081.157000,,,149.999,150.000,40.768,3.723,0,0,150.000,150.000,12.610,7.090,1
3751969111.157000,,,150.000,149.999,40.774,3.724,0,0,150.000,150.000,12.630,7.080,1
3751969141.157000,,,150.000,150.001,40.781,3.724,0,0,150.000,150.000,12.580,7.070,1
3751969171.157000,,,149.999,150.000,40.788,3.725,0,0,150.000,150.000,12.610,7.080,1
3751969201.157000,,,150.000,150.000,40.794,3.725,0,0,150.000,150.000,12.600,7.050,1
3751969213.688000,,,150.000,150.000,40.797,3.724,0,0,150.000,150.000,12.580,7.050,1
3751969243.688000,,,150.000,150.001,40.805,3.725,0,0,150.000,150.000,12.600,7.070,1
3751969273.688000,,,150.000,150.000,40.811,3.726,0,0,150.000,150.000,12.560,7.050,1
3751969303.688000,,,150.000,150.000,40.817,3.728,0,0,150.000,150.000,12.540,7.050,1
3751969333.688000,,,150.000,150.000,40.823,3.730,0,0,150.000,150.000,12.540,7.050,1
3751969363.688000,,,150.000,150.000,40.829,3.731,0,0,150.000,150.000,12.560,7.030,1
3751969393.688000,,,150.000,150.001,40.836,3.731,0,0,150.000,150.000,12.560,7.030,1
3751969423.688000,,,150.000,149.999,40.842,3.730,0,0,150.000,150.000,12.530,7.030,1
3751969453.688000,,,149.999,150.001,40.848,3.729,0,0,150.000,150.000,12.540,7.030,1
3751969483.688000,,,150.000,150.001,40.854,3.729,0,0,150.000,150.000,12.530,7.030,1
3751969513.688000,,,150.003,149.999,40.860,3.730,0,0,150.000,150.000,12.510,7.030,1
3751969543.688000,,,149.997,150.000,40.867,3.732,0,0,150.000,150.000,12.560,7.030,1
3751969573.688000,,,150.001,149.999,40.873,3.731,0,0,150.000,150.000,12.540,7.010,1
3751969603.688000,,,150.001,150.001,40.880,3.731,0,0,150.000,150.000,12.470,7.030,1
3751969633.688000,,,149.998,150.000,40.886,3.732,0,0,150.000,150.000,12.540,7.000,1
3751969663.688000,,,150.001,150.000,40.892,3.731,0,0,150.000,150.000,12.540,7.000,1
3751969693.688000,,,150.001,150.000,40.898,3.731,0,0,150.000,150.000,12.440,7.010,1
3751969723.688000,,,149.998,150.001,40.904,3.730,0,0,150.000,150.000,12.490,7.000,1
3751969753.688000,,,150.001,150.000,40.910,3.729,0,0,150.000,150.000,12.490,7.000,1
3751969783.688000,,,150.002,150.000,40.917,3.728,0,0,150.000,150.000,12.440,7.000,1
3751969813.688000,,,149.998,150.000,40.923,3.727,0,0,150.000,150.000,12.510,6.980,1
3751969843.688000,,,150.001,150.000,40.930,3.727,0,0,150.000,150.000,12.400,6.980,1
3751969873.688000,,,150.001,150.000,40.936,3.727,0,0,150.000,150.000,12.440,6.970,1
3751969903.688000,,,149.999,150.000,40.942,3.728,0,0,150.000,150.000,12.440,6.980,1
3751969933.688000,,,150.000,150.000,40.947,3.728,0,0,150.000,150.000,12.470,6.970,1
3751969963.688000,,,150.001,150.000,40.953,3.731,0,0,150.000,150.000,12.420,6.980,1
3751969993.688000,,,149.998,150.000,40.959,3.731,0,0,150.000,150.000,12.420,6.970,1
3751970023.688000,,,150.000,149.999,40.965,3.732,0,0,150.000,150.000,12.470,6.970,1
3751970053.688000,,,150.002,150.000,40.971,3.732,0,0,150.000,150.000,12.390,6.960,1
3751970083.688000,,,149.999,150.002,40.976,3.732,0,0,150.000,150.000,12.440,6.960,1
3751970104.975000,,,149.999,150.000,40.980,3.730,0,0,150.000,150.000,12.440,6.960,1
3751970121.739000,,,150.001,149.999,40.984,3.731,0,0,150.000,150.000,12.440,6.960,1
3751970144.631000,,,150.001,149.999,40.989,3.733,0,0,150.000,150.000,12.390,6.960,1
3751970174.631000,,,149.999,150.001,40.995,3.731,0,0,150.000,150.000,12.400,6.940,1
3751970204.631000,,,150.676,151.095,41.000,3.732,1,1,300.000,300.000,38.930,18.320,0
3751970234.631000,,,154.693,154.287,41.006,3.729,1,1,300.000,300.000,43.950,21.820,0
3751970264.631000,,,157.385,156.702,41.012,3.728,1,1,300.000,300.000,22.070,22.950,2
3751970294.631000,,,158.437,159.235,41.019,3.725,1,1,300.000,300.000,39.800,24.360,2
3751970324.631000,,,161.975,161.726,41.025,3.725,1,1,300.000,300.000,46.380,25.140,2
3751970354.631000,,,164.777,164.207,41.032,3.727,1,1,300.000,300.000,28.550,25.760,2
3751970384.631000,,,166.123,166.704,41.039,3.728,1,1,300.000,300.000,39.930,26.370,2
3751970414.631000,,,169.253,169.167,41.047,3.728,1,1,300.000,300.000,47.920,27.020,2
3751970444.631000,,,172.181,171.658,41.055,3.727,1,1,300.000,300.000,33.790,27.560,2
3751970474.631000,,,173.737,174.141,41.064,3.729,1,1,300.000,300.000,40.310,28.190,2
3751970504.631000,,,176.559,176.623,41.072,3.728,1,1,300.000,300.000,49.200,28.680,2
3751970534.631000,,,179.572,179.108,41.081,3.729,1,1,300.000,300.000,38.470,29.160,2
3751970564.631000,,,181.345,181.598,41.090,3.729,1,1,300.000,300.000,41.450,29.550,2
3751970594.631000,,,183.947,184.065,41.099,3.728,1,1,300.000,300.000,50.210,29.920,2
3751970612.627000,,,185.855,185.558,41.105,3.728,1,1,300.000,300.000,46.790,30.320,0
3751970642.627000,,,188.095,187.815,41.115,3.729,0,0,187.000,187.000,26.600,23.880,4
3751970658.693000,,,188.025,187.654,41.120,3.730,0,0,187.000,187.000,9.780,16.630,4
3751970688.693000,,,186.164,186.968,41.130,3.731,0,0,187.000,187.000,19.560,15.170,4
3751970718.693000,,,186.821,187.096,41.139,3.729,0,0,187.000,187.000,36.850,13.980,4
3751970748.693000,,,187.901,187.028,41.148,3.729,0,0,187.000,187.000,13.770,13.030,4
3751970778.693000,,,186.531,187.061,41.157,3.729,1,1,300.000,300.000,20.760,15.450,0
3751970808.693000,,,188.645,189.497,41.165,3.729,1,1,300.000,300.000,71.210,27.530,0
3751970838.693000,,,194.087,192.361,41.173,3.731,1,1,300.000,300.000,43.880,28.380,0
3751970868.693000,,,194.689,194.777,41.182,3.729,1,1,300.000,300.000,25.210,29.970,2
3751970898.693000,,,196.073,197.315,41.190,3.730,1,1,300.000,300.000,65.390,30.950,2
3751970928.693000,,,200.941,199.791,41.199,3.731,1,1,300.000,300.000,51.980,31.700,2
3751970958.693000,,,202.603,202.297,41.208,3.731,1,1,300.000,300.000,29.490,32.400,2
3751970988.693000,,,203.636,204.756,41.217,3.731,1,1,300.000,300.000,59.310,32.910,2
3751971018.693000,,,207.887,207.240,41.226,3.730,1,1,300.000,300.000,58.590,33.540,2
3751971048.693000,,,210.341,209.736,41.236,3.730,1,1,300.000,300.000,34.660,33.990,2
3751971078.693000,,,211.298,212.215,41.247,3.732,1,1,300.000,300.000,54.520,34.470,2
3751971108.693000,,,214.917,214.690,41.257,3.732,1,1,300.000,300.000,63.120,34.900,2
3751971138.693000,,,217.928,217.183,41.268,3.732,1,1,300.000,300.000,40.590,35.450,2
3751971168.693000,,,219.014,219.653,41.279,3.732,1,1,300.000,300.000,50.810,35.700,2
3751971198.693000,,,222.004,222.126,41.290,3.733,1,1,300.000,300.000,65.220,36.230,2
3751971228.693000,,,225.382,224.613,41.301,3.733,1,1,300.000,300.000,47.330,36.700,2
3751971258.693000,,,226.755,227.100,41.313,3.734,1,1,300.000,300.000,48.710,37.110,2
3751971288.693000,,,229.198,229.562,41.323,3.733,1,1,300.000,300.000,65.470,37.580,2
3751971318.693000,,,232.696,232.042,41.334,3.734,1,1,300.000,300.000,53.930,38.090,2
3751971348.693000,,,234.500,234.530,41.347,3.733,1,1,300.000,300.000,48.120,38.640,2
3751971378.693000,,,236.540,236.998,41.358,3.731,1,1,300.000,300.000,64.110,39.250,2
3751971408.693000,,,239.938,239.478,41.370,3.732,1,1,300.000,300.000,59.920,39.870,2
3751971438.693000,,,242.189,241.960,41.382,3.732,1,1,300.000,300.000,49.720,40.430,2
3751971468.693000,,,243.970,244.435,41.394,3.732,1,1,300.000,300.000,61.860,40.730,2
3751971498.693000,,,247.129,246.917,41.407,3.732,1,1,300.000,300.000,64.510,41.490,2
3751971528.693000,,,249.795,249.401,41.419,3.732,1,1,300.000,300.000,52.920,41.830,2
3751971558.693000,,,251.527,251.885,41.432,3.732,1,1,300.000,300.000,59.890,42.090,2
3751971588.693000,,,254.331,254.355,41.445,3.733,1,1,300.000,300.000,67.330,42.770,2
3751971618.693000,,,257.287,256.477,41.459,3.733,1,1,300.000,300.000,57.340,46.230,2
3751971648.693000,,,259.140,259.398,41.473,3.733,1,1,300.000,300.000,58.210,41.790,2
3751971678.693000,,,261.596,261.703,41.486,3.733,1,1,300.000,300.000,68.310,44.340,2
3751971708.693000,,,264.677,264.301,41.500,3.733,1,1,300.000,300.000,62.060,44.510,2
3751971738.693000,,,266.774,266.763,41.515,3.734,1,1,300.000,300.000,57.790,44.760,2
3751971768.693000,,,268.930,269.231,41.529,3.734,1,1,300.000,300.000,67.940,45.350,2
3751971798.693000,,,271.994,271.713,41.544,3.735,1,1,300.000,300.000,66.270,45.770,2
3751971828.693000,,,274.395,274.188,41.559,3.734,1,1,300.000,300.000,58.930,46.260,2
3751971858.693000,,,276.375,276.671,41.574,3.735,1,1,300.000,300.000,66.720,46.760,2
3751971888.693000,,,279.257,279.148,41.589,3.735,1,1,300.000,300.000,69.750,47.040,2
3751971918.693000,,,281.015,281.627,41.605,3.735,1,1,300.000,300.000,63.830,47.400,2
3751971948.693000,,,283.936,284.110,41.620,3.735,1,1,300.000,300.000,79.040,47.970,2
3751971978.693000,,,287.397,286.592,41.637,3.735,1,1,300.000,300.000,60.660,48.470,2
3751972008.693000,,,288.814,289.080,41.653,3.734,1,1,300.000,300.000,59.270,48.870,2
3751972038.693000,,,291.031,291.535,41.669,3.734,1,1,300.000,300.000,78.860,49.200,2
3751972068.693000,,,294.712,294.035,41.685,3.735,1,1,300.000,300.000,68.880,49.630,2
3751972098.693000,,,296.656,296.507,41.702,3.734,1,1,300.000,300.000,57.490,50.150,2
3751972128.693000,,,298.330,299.004,41.720,3.735,1,1,300.000,300.000,75.460,50.510,2
3751972158.693000,,,301.546,300.850,41.739,3.736,0,0,300.000,300.000,53.610,40.760,4
3751972188.693000,,,300.703,300.107,41.756,3.735,0,0,300.000,300.000,15.130,33.720,4
3751972218.693000,,,298.202,300.060,41.772,3.735,0,0,300.000,300.000,56.290,33.420,4
3751972248.693000,,,300.561,300.075,41.789,3.736,0,0,300.000,300.000,63.950,31.610,4
3751972278.693000,,,301.446,300.026,41.805,3.736,0,0,300.000,300.000,17.800,31.030,4
3751972308.693000,,,298.600,300.031,41.821,3.735,0,0,300.000,300.000,37.430,30.400,4
3751972341.176000,,,299.788,300.012,41.837,3.734,0,0,300.000,300.000,67.860,30.000,4
3751972371.176000,,,301.653,300.017,41.854,3.734,0,0,300.000,300.000,25.790,29.720,4
3751972401.176000,,,299.193,300.017,41.870,3.735,0,0,300.000,300.000,25.660,29.380,4
3751972431.176000,,,298.935,300.008,41.884,3.737,0,0,300.000,300.000,65.300,29.190,4
3751972461.176000,,,301.466,300.009,41.900,3.736,0,0,300.000,300.000,40.210,28.960,4
3751972491.176000,,,300.129,300.016,41.916,3.736,0,0,300.000,300.000,17.100,28.770,4
3751972521.176000,,,298.529,300.009,41.933,3.734,0,0,300.000,300.000,55.030,28.660,4
3751972551.176000,,,300.822,300.002,41.948,3.734,0,0,300.000,300.000,53.100,28.570,4
3751972581.176000,,,300.910,300.014,41.963,3.739,0,0,300.000,300.000,16.430,28.270,4
3751972611.176000,,,298.653,300.010,41.979,3.739,0,0,300.000,300.000,40.720,28.050,4
3751972641.176000,,,299.973,300.002,41.996,3.736,0,0,300.000,300.000,60.190,28.020,4
3751972671.176000,,,301.329,300.011,42.013,3.737,0,0,300.000,300.000,23.450,27.860,1
3751972701.176000,,,299.223,300.012,42.030,3.736,0,0,300.000,300.000,27.580,27.580,1
3751972731.176000,,,299.221,300.005,42.048,3.737,0,0,300.000,300.000,59.580,27.530,1
3751972761.176000,,,301.271,300.007,42.064,3.739,0,0,300.000,300.000,34.480,27.390,1
3751972791.176000,,,299.972,300.012,42.080,3.738,0,0,300.000,300.000,19.560,27.200,1
3751972819.691000,,,298.778,300.006,42.097,3.737,0,0,300.000,300.000,50.810,27.100,1
3751972849.691000,,,300.701,300.003,42.114,3.737,0,0,300.000,300.000,48.360,27.020,1
3751972880.555000,,,300.698,300.009,42.132,3.737,0,0,300.000,300.000,18.120,26.850,1
3751972904.703000,,,299.044,300.009,42.146,3.737,0,0,300.000,300.000,32.980,26.770,1
3751972934.703000,,,299.624,300.002,42.163,3.738,0,0,300.000,300.000,56.000,26.640,1
3751972964.703000,,,301.168,300.005,42.181,3.740,0,0,300.000,300.000,29.460,26.590,1
3751972994.703000,,,299.646,300.008,42.198,3.740,0,0,300.000,300.000,23.350,26.350,1
3751973024.703000,,,299.114,300.003,42.216,3.739,0,0,300.000,300.000,52.380,26.270,1
3751973054.703000,,,300.913,300.005,42.234,3.738,0,0,300.000,300.000,39.550,26.190,1
3751973084.703000,,,300.300,300.007,42.253,3.738,0,0,300.000,300.000,19.080,26.080,1
3751973114.703000,,,298.943,300.005,42.271,3.737,0,0,300.000,300.000,43.850,25.980,1
3751973144.703000,,,300.377,300.000,42.288,3.737,0,0,300.000,300.000,47.810,25.870,1
3751973174.703000,,,300.792,300.009,42.307,3.737,0,0,300.000,300.000,21.240,25.760,1
3751973204.703000,,,299.154,300.005,42.325,3.739,0,0,300.000,300.000,33.560,25.610,1
3751973234.703000,,,299.764,300.000,42.344,3.740,0,0,300.000,300.000,51.310,25.550,1
3751973264.703000,,,300.962,300.005,42.362,3.742,0,0,300.000,300.000,27.740,25.450,1
3751973294.703000,,,299.625,300.008,42.381,3.742,0,0,300.000,300.000,24.890,25.320,1
3751973324.703000,,,299.315,300.002,42.400,3.741,0,0,300.000,300.000,48.990,25.290,1
3751973354.703000,,,300.803,300.003,42.420,3.741,0,0,300.000,300.000,36.190,25.210,1
3751973384.703000,,,300.168,300.007,42.439,3.740,0,0,300.000,300.000,20.920,25.060,1
3751973414.703000,,,299.135,300.003,42.458,3.740,0,0,300.000,300.000,42.250,24.980,1
3751973444.703000,,,300.390,300.002,42.478,3.742,0,0,300.000,300.000,43.390,24.930,1
3751973474.703000,,,300.604,300.008,42.497,3.744,0,0,300.000,300.000,21.840,24.830,1
3751973504.703000,,,299.264,300.006,42.516,3.742,0,0,300.000,300.000,33.790,24.750,1
3751973534.703000,,,299.884,300.003,42.536,3.741,0,0,300.000,300.000,46.920,24.650,1
3751973564.703000,,,300.791,300.004,42.556,3.740,0,0,300.000,300.000,26.910,24.620,1
3751973594.703000,,,299.650,299.861,42.576,3.740,0,0,300.000,300.000,25.960,25.580,1
3751973624.703000,,,299.272,0.000,42.597,3.741,0,0,300.000,300.000,48.050,0.000,4
3751973654.703000,,,300.319,0.000,42.620,3.744,0,0,300.000,300.000,47.540,0.000,4
3751973684.703000,,,300.236,0.000,42.645,3.744,0,0,300.000,300.000,35.930,0.000,4
3751973714.703000,,,299.438,0.000,42.675,3.741,0,0,300.000,300.000,47.780,0.000,4
3751973744.703000,,,300.082,0.000,42.707,3.740,0,0,300.000,300.000,52.950,0.000,4
3751973774.703000,,,300.449,0.000,42.740,3.741,0,0,300.000,300.000,39.650,0.000,4
3751973804.703000,,,299.611,0.000,42.776,3.740,0,0,300.000,300.000,44.240,0.000,4
3751973834.703000,,,299.846,0.000,42.811,3.741,0,0,300.000,300.000,54.040,0.000,4
3751973864.703000,,,300.474,0.000,42.847,3.742,0,0,300.000,300.000,42.900,0.000,4
3751973894.703000,,,299.813,0.000,42.883,3.744,0,0,300.000,300.000,41.230,0.000,4
3751973924.703000,,,299.641,0.000,42.919,3.741,0,0,300.000,300.000,53.720,0.000,4
3751973954.703000,,,300.453,0.000,42.956,3.740,0,0,300.000,300.000,46.080,0.000,4
3751973984.703000,,,300.074,0.000,42.993,3.742,0,0,300.000,300.000,38.250,0.000,4
3751974014.703000,,,299.573,0.000,43.029,3.746,0,0,300.000,300.000,49.060,0.000,4
3751974044.703000,,,300.188,0.000,43.064,3.748,0,0,300.000,300.000,50.070,0.000,4
3751974074.703000,,,300.309,0.000,43.100,3.748,0,0,300.000,300.000,38.930,0.000,4
3751974104.703000,,,299.615,0.000,43.136,3.748,0,0,300.000,300.000,45.370,0.000,4
3751974134.703000,,,299.959,0.000,43.171,3.748,0,0,300.000,300.000,52.200,0.000,4
3751974164.703000,,,300.434,0.000,43.207,3.748,0,0,300.000,300.000,41.260,0.000,4
3751974194.703000,,,299.791,0.000,43.242,3.746,0,0,300.000,300.000,41.350,0.000,4
3751974224.703000,,,299.761,0.000,43.277,3.747,0,0,300.000,300.000,50.630,0.000,4
3751974254.703000,,,300.360,0.000,43.312,3.749,0,0,300.000,300.000,44.110,0.000,4
3751974284.703000,,,300.009,0.000,43.347,3.748,0,0,300.000,300.000,38.560,0.000,4
3751974314.703000,,,299.682,0.000,43.381,3.748,0,0,300.000,300.000,47.680,0.000,4
3751974344.703000,,,300.459,0.000,43.415,3.748,0,0,300.000,300.000,40.970,0.000,4
3751974374.703000,,,300.188,0.000,43.447,3.746,0,0,300.000,300.000,29.980,0.000,4
3751974404.703000,,,299.494,0.000,43.479,3.746,0,0,300.000,300.000,41.390,0.000,4
3751974434.703000,,,300.021,0.000,43.509,3.746,0,0,300.000,300.000,46.550,0.000,4
3751974464.703000,,,300.358,0.000,43.540,3.745,0,0,300.000,300.000,36.340,0.000,4
3751974494.703000,,,299.735,0.000,43.571,3.744,0,0,300.000,300.000,38.990,0.000,4
3751974524.703000,,,299.812,0.000,43.603,3.746,0,0,300.000,300.000,47.850,0.000,4
3751974554.703000,,,300.338,0.000,43.633,3.745,0,0,300.000,300.000,41.100,0.000,4
3751974584.703000,,,299.999,0.000,43.664,3.746,0,0,300.000,300.000,36.460,0.000,4
3751974614.703000,,,299.695,0.000,43.694,3.749,0,0,300.000,300.000,44.810,0.000,4
3751974644.703000,,,300.192,0.000,43.723,3.749,0,0,300.000,300.000,43.820,0.000,4
3751974674.703000,,,300.180,0.000,43.753,3.748,0,0,300.000,300.000,36.080,0.000,4
3751974704.703000,,,299.704,0.000,43.781,3.747,0,0,300.000,300.000,41.870,0.000,4
3751974734.703000,,,300.024,0.000,43.810,3.749,0,0,300.000,300.000,44.940,0.000,4
3751974764.703000,,,300.271,0.000,43.838,3.750,0,0,300.000,300.000,37.070,0.000,4
3751974794.703000,,,299.778,0.000,43.866,3.747,0,0,300.000,300.000,39.870,0.000,4
3751974824.703000,,,299.900,0.000,43.894,3.745,0,0,300.000,300.000,45.470,0.000,4
3751974854.703000,,,300.289,0.000,43.921,3.746,0,0,300.000,300.000,39.550,0.000,4
3751974884.703000,,,299.946,0.000,43.947,3.746,0,0,300.000,300.000,37.370,0.000,4
3751974914.703000,,,299.805,0.000,43.974,3.744,0,0,300.000,300.000,43.420,0.000,4
3751976860.240000,,,300.107,300.012,45.603,3.756,0,0,300.000,300.000,24.660,11.700,4
3751976890.240000,,,299.667,300.004,45.667,3.756,0,0,300.000,300.000,32.330,11.770,4
3751976920.240000,,,300.142,299.537,45.729,3.756,0,0,300.000,300.000,33.240,15.550,4
3751976950.240000,,,300.256,299.978,45.788,3.755,0,0,300.000,300.000,24.640,19.930,4
3751976980.240000,,,299.762,300.056,45.844,3.756,0,0,300.000,300.000,27.920,18.260,4
3751977010.240000,,,299.943,299.979,45.898,3.756,0,0,300.000,300.000,32.670,18.610,4
3751977040.240000,,,300.290,300.023,45.949,3.755,0,0,300.000,300.000,25.460,18.320,4
